0.02082177
0.04164353
0.0624653
0.08328706
0.1041088
0.1249306
0.1457524
0.1665741
0.1873959
0.2082177
0.2290394
0.2498612
0.2706829
0.2915047
0.3123265
0.3331482
0.35397
0.3747918
0.3956135
0.4164353
0.4372571
0.4580788
0.4789006
0.4997224
0.5205441
0.5413659
0.5621877
0.5830094
0.6038312
0.6246529
0.6454747
0.6662965
0.6871182
0.70794
0.7287618
0.7495835
0.7704053
0.791227
0.8120489
0.8328706
0.8536924
0.8745141
0.8953359
0.9161577
0.9369794
0.9578012
0.978623
0.9994447
1.020267
1.041088
1.06191
1.082732
1.103554
1.124375
1.145197
1.166019
1.186841
1.207662
1.228484
1.249306
1.270128
1.290949
1.311771
1.332593
1.353415
1.374236
1.395058
1.41588
1.436702
1.457524
1.478345
1.499167
1.519989
1.540811
1.561632
1.582454
1.603276
1.624098
1.644919
1.665741
1.686563
1.707385
1.728207
1.749028
1.76985
1.790672
1.811494
1.832315
1.853137
1.873959
1.894781
1.915602
1.936424
1.957246
1.978068
1.998889
2.019711
2.040533
2.061355
2.082176
2.102998
2.12382
2.144642
2.165463
2.186285
2.207107
2.227929
2.248751
2.269572
2.290394
2.311216
2.332038
2.352859
2.373681
2.394503
2.415325
2.436146
2.456968
2.47779
2.498612
2.519433
2.540255
2.561077
2.581899
2.60272
2.623542
2.644364
2.665186
2.686008
2.70683
2.727651
2.748473
2.769295
2.790117
2.810938
2.83176
2.852582
2.873404
2.894225
2.915047
2.935869
2.956691
2.977512
2.998334
3.019156
3.039978
3.060799
3.081621
3.102443
3.123265
3.144087
3.164908
3.18573
3.206552
3.227374
3.248195
3.269017
3.289839
3.310661
3.331482
3.352304
3.373126
3.393948
3.414769
3.435591
3.456413
3.477235
3.498056
3.518878
3.5397
3.560522
3.581344
3.602165
3.622987
3.643809
3.664631
3.685452
3.706274
3.727096
3.747918
3.768739
3.789561
3.810383
3.831205
3.852026
3.872848
3.89367
3.914492
3.935313
3.956135
3.976957
3.997779
4.0186
4.039423
4.060244
4.081066
4.101888
4.122709
4.143531
4.164353
4.185175
4.205997
4.226818
4.24764
4.268462
4.289284
4.310105
4.330927
4.351749
4.372571
4.393393
4.414214
4.435036
4.455858
4.476679
4.497501
4.518323
4.539145
4.559967
4.580788
4.60161
4.622432
4.643254
4.664075
4.684897
4.705719
4.726541
4.747363
4.768184
4.789006
4.809828
4.830649
4.851471
4.872293
4.893115
4.913937
4.934758
4.95558
4.976402
4.997223
5.018045
5.038867
5.059689
5.080511
5.101332
5.122154
5.142976
5.163798
5.184619
5.205441
5.226263
5.247085
5.267907
5.288728
5.30955
5.330372
5.340783
5.351193
5.361605
5.372015
5.382426
5.392837
5.403248
5.413659
5.42407
5.434481
5.444891
5.455302
5.465714
5.476124
5.486535
5.496946
5.507357
5.517768
5.528179
5.538589
5.549
5.559411
5.569822
5.580233
5.590644
5.601055
5.611465
5.621877
5.632288
5.642698
5.653109
5.66352
5.673931
5.684342
5.694753
5.705163
5.715574
5.725986
5.736396
5.746807
5.757218
5.767629
5.77804
5.788451
5.798862
5.809272
5.819683
5.830094
5.840505
5.850916
5.861327
5.871737
5.882149
5.89256
5.90297
5.913381
5.923792
5.934203
5.944614
5.955025
5.965436
5.975846
5.986258
5.996668
6.007079
6.01749
6.027901
6.038312
6.048723
6.059134
6.069544
6.079956
6.090366
6.100777
6.111188
6.121599
6.13201
6.142421
6.152832
6.163242
6.173653
6.184064
6.194475
6.204886
6.215297
6.225708
6.236119
6.24653
6.25694
6.267351
6.277762
6.288173
6.298584
6.308995
6.319406
6.329816
6.340228
6.350638
6.361049
6.37146
6.381871
6.392282
6.402693
6.413104
6.423514
6.433925
6.444336
6.454747
6.465158
6.475569
6.48598
6.496391
6.506802
6.517212
6.527623
6.538034
6.548445
6.558856
6.569267
6.579678
6.590088
6.6005
6.61091
6.621321
6.631732
6.642143
6.652554
6.662965
6.673376
6.683786
6.694197
6.704608
6.715019
6.72543
6.735841
6.746252
6.756663
6.767074
6.777484
6.787895
6.798306
6.808717
6.819128
6.829539
6.83995
6.850361
6.860772
6.871182
6.881593
6.892004
6.902415
6.912826
6.923237
6.933648
6.944058
6.95447
6.96488
6.975291
6.985702
6.996113
7.006524
7.016935
7.027346
7.037756
7.048167
7.058578
7.068989
7.0794
7.089811
7.100222
7.110633
7.121044
7.131454
7.141865
7.152276
7.162687
7.173098
7.183509
7.19392
7.20433
7.214742
7.225152
7.235563
7.245974
7.256385
7.266796
7.277207
7.287618
7.298028
7.308439
7.318851
7.329261
7.339672
7.350083
7.360494
7.370905
7.381316
7.391726
7.402137
7.412548
7.422959
7.43337
7.443781
7.454192
7.464602
7.475014
7.485425
7.495835
7.506246
7.516657
7.527068
7.537479
7.54789
7.5583
7.568712
7.579123
7.589533
7.599944
7.610355
7.620766
7.631177
7.641588
7.651999
7.662409
7.672821
7.683231
7.693642
7.704053
7.714464
7.724875
7.735286
7.745697
7.756107
7.766518
7.776929
7.78734
7.797751
7.808162
7.818573
7.828984
7.839395
7.849805
7.860216
7.870627
7.881038
7.891449
7.90186
7.912271
7.922681
7.933093
7.943503
7.953914
7.964325
7.974736
7.985147
7.995558
8.005969
8.016379
8.026791
8.037201
8.047612
8.058023
8.068434
8.078845
8.089255
8.099667
8.110078
8.120488
8.130899
8.14131
8.151721
8.162132
8.172543
8.182954
8.193364
8.203775
8.214187
8.224597
8.235008
8.245419
8.25583
8.266241
8.276651
8.287063
8.297473
8.307884
8.318295
8.328706
8.339117
8.349527
8.359939
8.37035
8.38076
8.391171
8.401582
8.411993
8.422404
8.432815
8.443226
8.453636
8.464047
8.474459
8.484869
8.49528
8.505691
8.516102
8.526513
8.536923
8.547335
8.557745
8.568156
8.578568
8.588978
8.599389
8.609799
8.620211
8.630622
8.641032
8.651443
8.661854
8.672265
8.682676
8.693087
8.703498
8.713908
8.724319
8.734731
8.745141
8.755552
8.765963
8.776374
8.786785
8.797195
8.807607
8.818017
8.828428
8.83884
8.84925
8.859661
8.870071
8.880483
8.890894
8.901304
8.911716
8.922126
8.932537
8.942948
8.953359
8.96377
8.97418
8.984591
8.995003
9.005413
9.015824
9.026235
9.036646
9.047057
9.057467
9.067879
9.078289
9.0887
9.099112
9.109522
9.119933
9.130343
9.140755
9.151166
9.161576
9.171988
9.182398
9.192809
9.20322
9.213631
9.224042
9.234452
9.244864
9.255275
9.265685
9.276096
9.286508
9.296918
9.307329
9.317739
9.328151
9.338562
9.348972
9.359384
9.369794
9.380205
9.390616
9.401027
9.411438
9.421848
9.43226
9.442671
9.453081
9.463492
9.473903
9.484314
9.494725
9.505136
9.515547
9.525957
9.536368
9.54678
9.55719
9.567601
9.578012
9.588423
9.598834
9.609244
9.619656
9.630066
9.640477
9.650888
9.661299
9.67171
9.68212
9.692532
9.702943
9.713353
9.723764
9.734175
9.744586
9.754997
9.765408
9.775819
9.786229
9.79664
9.807052
9.817462
9.827873
9.838284
9.848695
9.859106
9.869516
9.879928
9.890338
9.900749
9.91116
9.921571
9.931982
9.942392
9.952804
9.963215
9.973625
9.984036
9.994447
10.00486
10.01527
10.02568
10.03609
10.0465
10.05691
10.06732
10.07773
10.08815
10.09856
10.10897
10.11938
10.12979
10.1402
10.15061
10.16102
10.17143
10.18184
10.19225
10.20266
10.21308
10.22349
10.2339
10.24431
10.25472
10.26513
10.27554
10.28595
10.29636
10.30677
10.31718
10.3276
10.33801
10.34842
10.35883
10.36924
10.37965
10.39006
10.40047
10.41088
10.42129
10.4317
10.44211
10.45253
10.46294
10.47335
10.48376
10.49417
10.50458
10.51499
10.5254
10.53581
10.54622
10.55663
10.56705
10.57746
10.58787
10.59828
10.60869
10.6191
10.62951
10.63992
10.65033
10.66074
10.67115
10.68157
10.69198
10.70239
10.7128
10.72321
10.73362
10.74403
10.75444
10.76485
10.77526
10.78567
10.79609
10.8065
10.81691
10.82732
10.83773
10.84814
10.85855
10.86896
10.87937
10.88978
10.90019
10.9106
10.92102
10.93143
10.94184
10.95225
10.96266
10.97307
10.98348
10.99389
11.0043
11.01471
11.02512
11.03554
11.04595
11.05636
11.06677
11.07718
11.08759
11.098
11.10841
11.11882
11.12923
11.13964
11.15005
11.16047
11.17088
11.18129
11.1917
11.20211
11.21252
11.22293
11.23334
11.24375
11.25416
11.26458
11.27499
11.2854
11.29581
11.30622
11.31663
11.32704
11.33745
11.34786
11.35827
11.36868
11.37909
11.38951
11.39992
11.41033
11.42074
11.43115
11.44156
11.45197
11.46238
11.47279
11.4832
11.49361
11.50403
11.51444
11.52485
11.53526
11.54567
11.55608
11.56649
11.5769
11.58731
11.59772
11.60813
11.61854
11.62896
11.63937
11.64978
11.66019
11.6706
11.68101
11.69142
11.70183
11.71224
11.72265
11.73306
11.74347
11.75389
11.7643
11.77471
11.78512
11.79553
11.80594
11.81635
11.82676
11.83717
11.84758
11.858
11.86841
11.87882
11.88923
11.89964
11.91005
11.92046
11.93087
11.94128
11.95169
11.9621
11.97252
11.98293
11.99334
12.00375
12.01416
12.02457
12.03498
12.04539
12.0558
12.06621
12.07662
12.08703
12.09745
12.10786
12.11827
12.12868
12.13909
12.1495
12.15991
12.17032
12.18073
12.19114
12.20155
12.21197
12.22238
12.23279
12.2432
12.25361
12.26402
12.27443
12.28484
12.29525
12.30566
12.31607
12.32648
12.3369
12.34731
12.35772
12.36813
12.37854
12.38895
12.39936
12.40977
12.42018
12.43059
12.441
12.45142
12.46183
12.47224
12.48265
12.49306
12.50347
12.51388
12.52429
12.5347
12.54511
12.55552
12.56594
12.57635
12.58676
12.59717
12.60758
12.61799
12.6284
12.63881
12.64922
12.65963
12.67004
12.68046
12.69087
12.70128
12.71169
12.7221
12.73251
12.74292
12.75333
12.76374
12.77415
12.78456
12.79497
12.80539
12.8158
12.82621
12.83662
12.84703
12.85744
12.86785
12.87826
12.88867
12.89908
12.90949
12.9199
12.93032
12.94073
12.95114
12.96155
12.97196
12.98237
12.99278
13.00319
13.0136
13.02401
13.03442
13.04484
13.05525
13.06566
13.07607
13.08648
13.09689
13.1073
13.11771
13.12812
13.13853
13.14894
13.15936
13.16977
13.18018
13.19059
13.201
13.21141
13.22182
13.23223
13.24264
13.25305
13.26346
13.27388
13.28429
13.2947
13.30511
13.31552
13.32593
13.33634
13.34675
13.35716
13.36757
13.37798
13.38839
13.39881
13.40922
13.41963
13.43004
13.44045
13.45086
13.46127
13.47168
13.48209
13.4925
13.50291
13.51333
13.52374
13.53415
13.54456
13.55497
13.56538
13.57579
13.5862
13.59661
13.60702
13.61743
13.62784
13.63826
13.64867
13.65908
13.66949
13.6799
13.69031
13.70072
13.71113
13.72154
13.73195
13.74236
13.75278
13.76319
13.7736
13.78401
13.79442
13.80483
13.81524
13.82565
13.83606
13.84647
13.85688
13.8673
13.87771
13.88812
13.89853
13.90894
13.91935
13.92976
13.94017
13.95058
13.96099
13.9714
13.98182
13.99223
14.00264
14.01305
14.02346
14.03387
14.04428
14.05469
14.0651
14.07551
14.08592
14.09633
14.10675
14.11716
14.12757
14.13798
14.14839
14.1588
14.16921
14.17962
14.19003
14.20044
14.21085
14.22127
14.23168
14.24209
14.2525
14.26291
14.27332
14.28373
14.29414
14.30455
14.31496
14.32537
14.33578
14.3462
14.35661
14.36702
14.37743
14.38784
14.39825
14.40866
14.41907
14.42948
14.43989
14.4503
14.46072
14.47113
14.48154
14.49195
14.50236
14.51277
14.52318
14.53359
14.544
14.55441
14.56482
14.57524
14.58565
14.59606
14.60647
14.61688
14.62729
14.6377
14.64811
14.65852
14.66893
14.67934
14.68976
14.70017
14.71058
14.72099
14.7314
14.74181
14.75222
14.76263
14.77304
14.78345
14.79386
14.80427
14.81469
14.8251
14.83551
14.84592
14.85633
14.86674
14.87715
14.88756
14.89797
14.90838
14.91879
14.9292
14.93962
14.95003
14.96044
14.97085
14.98126
14.99167
15.00208
15.01249
15.0229
15.03331
15.04373
15.05414
15.06455
15.07496
15.08537
15.09578
15.10619
15.1166
15.12701
15.13742
15.14783
15.15825
15.16866
15.17907
15.18948
15.19989
15.2103
15.22071
15.23112
15.24153
15.25194
15.26235
15.27276
15.28318
15.29359
15.304
15.31441
15.32482
15.33523
15.34564
15.35605
15.36646
15.37687
15.38728
15.3977
15.40811
15.41852
15.42893
15.43934
15.44975
15.46016
15.47057
15.48098
15.49139
15.5018
15.51221
15.52263
15.53304
15.54345
15.55386
15.56427
15.57468
15.58509
15.5955
15.60591
15.61632
15.62673
15.63715
15.64756
15.65797
15.66838
15.67879
15.6892
15.69961
15.71002
15.72043
15.73084
15.74125
15.75167
15.76208
15.77249
15.7829
15.79331
15.80372
15.81413
15.82454
15.83495
15.84536
15.85577
15.86619
15.8766
15.88701
15.89742
15.90783
15.91824
15.92865
15.93906
15.94947
15.95988
15.97029
15.9807
15.99112
16.00153
16.01194
16.02235
16.03276
16.04317
16.05358
16.06399
16.0744
16.08481
16.09522
16.10563
16.11605
16.12646
16.13687
16.14728
16.15769
16.1681
16.17851
16.18892
16.19933
16.20974
16.22016
16.23057
16.24098
16.25139
16.2618
16.27221
16.28262
16.29303
16.30344
16.31385
16.32426
16.33467
16.34509
16.3555
16.36591
16.37632
16.38673
16.39714
16.40755
16.41796
16.42837
16.43878
16.44919
16.4596
16.47002
16.48043
16.49084
16.50125
16.51166
16.52207
16.53248
16.54289
16.5533
16.56371
16.57413
16.58454
16.59495
16.60536
16.61577
16.62618
16.63659
16.647
16.65741
16.66782
16.67823
16.68864
16.69905
16.70947
16.71988
16.73029
16.7407
16.75111
16.76152
16.77193
16.78234
16.79275
16.80316
16.81358
16.82399
16.8344
16.84481
16.85522
16.86563
16.87604
16.88645
16.89686
16.90727
16.91768
16.92809
16.93851
16.94892
16.95933
16.96974
16.98015
16.99056
17.00097
17.01138
17.02179
17.0322
17.04261
17.05303
17.06344
17.07385
17.08426
17.09467
17.10508
17.11549
17.1259
17.13631
17.14672
17.15714
17.16755
17.17796
17.18837
17.19878
17.20919
17.2196
17.23001
17.24042
17.25083
17.26124
17.27165
17.28206
17.29248
17.30289
17.3133
17.32371
17.33412
17.34453
17.35494
17.36535
17.37576
17.38617
17.39659
17.407
17.41741
17.42782
17.43823
17.44864
17.45905
17.46946
17.47987
17.49028
17.50069
17.5111
17.52151
17.53193
17.54234
17.55275
17.56316
17.57357
17.58398
17.59439
17.6048
17.61521
17.62562
17.63603
17.64645
17.65686
17.66727
17.67768
17.68809
17.6985
17.70891
17.71932
17.72973
17.74014
17.75056
17.76097
17.77138
17.78179
17.7922
17.80261
17.81302
17.82343
17.83384
17.84425
17.85466
17.86507
17.87548
17.8859
17.89631
17.90672
17.91713
17.92754
17.93795
17.94836
17.95877
17.96918
17.97959
17.99001
18.00042
18.01083
18.02124
18.03165
18.04206
18.05247
18.06288
18.07329
18.0837
18.09411
18.10452
18.11493
18.12535
18.13576
18.14617
18.15658
18.16699
18.1774
18.18781
18.19822
18.20863
18.21904
18.22946
18.23987
18.25028
18.26069
18.2711
18.28151
18.29192
18.30233
18.31274
18.32315
18.33356
18.34398
18.35439
18.3648
18.37521
18.38562
18.39603
18.40644
18.41685
18.42726
18.43767
18.44808
18.45849
18.4689
18.47932
18.48973
18.50014
18.51055
18.52096
18.53137
18.54178
18.55219
18.5626
18.57302
18.58343
18.59384
18.60425
18.61466
18.62507
18.63548
18.64589
18.6563
18.66671
18.67712
18.68753
18.69794
18.70835
18.71877
18.72918
18.73959
18.75
18.76041
18.77082
18.78123
18.79164
18.80205
18.81246
18.82288
18.83329
18.8437
18.85411
18.86452
18.87493
18.88534
18.89575
18.90616
18.91657
18.92698
18.9374
18.94781
18.95822
18.96863
18.97904
18.98945
18.99986
19.01027
19.02068
19.03109
19.0415
19.05191
19.06233
19.07274
19.08315
19.09356
19.10397
19.11438
19.12479
19.1352
19.14561
19.15602
19.16644
19.17685
19.18726
19.19767
19.20808
19.21849
19.2289
19.23931
19.24972
19.26013
19.27054
19.28095
19.29136
19.30178
19.31219
19.3226
19.33301
19.34342
19.35383
19.36424
19.37465
19.38506
19.39547
19.40589
19.4163
19.42671
19.43712
19.44753
19.45794
19.46835
19.47876
19.48917
19.49958
19.50999
19.5204
19.53082
19.54123
19.55164
19.56205
19.57246
19.58287
19.59328
19.60369
19.6141
19.62451
19.63492
19.64533
19.65575
19.66616
19.67657
19.68698
19.69739
19.7078
19.71821
19.72862
19.73903
19.74944
19.75986
19.77027
19.78068
19.79109
19.8015
19.81191
19.82232
19.83273
19.84314
19.85355
19.86396
19.87437
19.88478
19.8952
19.90561
19.91602
19.92643
19.93684
19.94725
19.95766
19.96807
19.97848
19.98889
19.99931
20.00972
20.02013
20.03054
20.04095
20.05136
20.06177
20.07218
20.08259
20.093
20.10341
20.11382
20.12424
20.13465
20.14506
20.15547
20.16588
20.17629
20.1867
20.19711
20.20752
20.21793
20.22834
20.23876
20.24917
20.25958
20.26999
20.2804
20.29081
20.30122
20.31163
20.32204
20.33245
20.34286
20.35328
20.36369
20.3741
20.38451
20.39492
20.40533
20.41574
20.42615
20.43656
20.44697
20.45738
20.46779
20.47821
20.48862
20.49903
20.50944
20.51985
20.53026
20.54067
20.55108
20.56149
20.5719
20.58232
20.59273
20.60314
20.61355
20.62396
20.63437
20.64478
20.65519
20.6656
20.67601
20.68642
20.69683
20.70724
20.71766
20.72807
20.73848
20.74889
20.7593
20.76971
20.78012
20.79053
20.80094
20.81135
20.82176
20.83218
20.84259
20.853
20.86341
20.87382
20.88423
20.89464
20.90505
20.91546
20.92587
20.93629
20.9467
20.95711
20.96752
20.97793
20.98834
20.99875
21.00916
21.01957
21.02998
21.04039
21.0508
21.06121
21.07163
21.08204
21.09245
21.10286
21.11327
21.12368
21.13409
21.1445
21.15491
21.16532
21.17574
21.18615
21.19656
21.20697
21.21738
21.22779
21.2382
21.24861
21.25902
21.26943
21.27984
21.29025
21.30066
21.31108
21.32149
21.3319
21.34231
21.35272
21.36313
21.37354
21.38395
21.39436
21.40477
21.41519
21.4256
21.43601
21.44642
21.45683
21.46724
21.47765
21.48806
21.49847
21.50888
21.51929
21.52971
21.54012
21.55053
21.56094
21.57135
21.58176
21.59217
21.60258
21.61299
21.6234
21.63381
21.64422
21.65464
21.66505
21.67546
21.68587
21.69628
21.70669
21.7171
21.72751
21.73792
21.74833
21.75875
21.76916
21.77957
21.78998
21.80039
21.8108
21.82121
21.83162
21.84203
21.85244
21.86285
21.87326
21.88367
21.89408
21.9045
21.91491
21.92532
21.93573
21.94614
21.95655
21.96696
21.97737
21.98778
21.99819
22.00861
22.01902
22.02943
22.03984
22.05025
22.06066
22.07107
22.08148
22.09189
22.1023
22.11271
22.12313
22.13354
22.14395
22.15436
22.16477
22.17518
22.18559
22.196
22.20641
22.21682
22.22723
22.23764
22.24806
22.25847
22.26888
22.27929
22.2897
22.30011
22.31052
22.32093
22.33134
22.34175
22.35217
22.36258
22.37299
22.3834
22.39381
22.40422
22.41463
22.42504
22.43545
22.44586
22.45627
22.46668
22.47709
22.48751
22.49792
22.50833
22.51874
22.52915
22.53956
22.54997
22.56038
22.57079
22.5812
22.59162
22.60203
22.61244
22.62285
22.63326
22.64367
22.65408
22.66449
22.6749
22.68531
22.69572
22.70613
22.71655
22.72696
22.73737
22.74778
22.75819
22.7686
22.77901
22.78942
22.79983
22.81024
22.82065
22.83107
22.84148
22.85189
22.8623
22.87271
22.88312
22.89353
22.90394
22.91435
22.92476
22.93517
22.94559
22.956
22.96641
22.97682
22.98723
22.99764
23.00805
23.01846
23.02887
23.03928
23.04969
23.0601
23.07051
23.08093
23.09134
23.10175
23.11216
23.12257
23.13298
23.14339
23.1538
23.16421
23.17462
23.18504
23.19545
23.20586
23.21627
23.22668
23.23709
23.2475
23.25791
23.26832
23.27873
23.28914
23.29955
23.30997
23.32038
23.33079
23.3412
23.35161
23.36202
23.37243
23.38284
23.39325
23.40366
23.41407
23.42449
23.4349
23.44531
23.45572
23.46613
23.47654
23.48695
23.49736
23.50777
23.51818
23.52859
23.53901
23.54942
23.55983
23.57024
23.58065
23.59106
23.60147
23.61188
23.62229
23.6327
23.64311
23.65352
23.66394
23.67435
23.68476
23.69517
23.70558
23.71599
23.7264
23.73681
23.74722
23.75763
23.76805
23.77846
23.78887
23.79928
23.80969
23.8201
23.83051
23.84092
23.85133
23.86174
23.87215
23.88256
23.89297
23.90339
23.9138
23.92421
23.93462
23.94503
23.95544
23.96585
23.97626
23.98667
23.99708
24.00749
24.01791
24.02832
24.03873
24.04914
24.05955
24.06996
24.08037
24.09078
24.10119
24.1116
24.12201
24.13243
24.14284
24.15325
24.16366
24.17407
24.18448
24.19489
24.2053
24.21571
24.22612
24.23653
24.24694
24.25736
24.26777
24.27818
24.28859
24.299
24.30941
24.31982
24.33023
24.34064
24.35105
24.36147
24.37188
24.38229
24.3927
24.40311
24.41352
24.42393
24.43434
24.44475
24.45516
24.46557
24.47598
24.48639
24.49681
24.50722
24.51763
24.52804
24.53845
24.54886
24.55927
24.56968
24.58009
24.5905
24.60092
24.61133
24.62174
24.63215
24.64256
24.65297
24.66338
24.67379
24.6842
24.69461
24.70502
24.71544
24.72585
24.73626
24.74667
24.75708
24.76749
24.7779
24.78831
24.79872
24.80913
24.81954
24.82995
24.84037
24.85078
24.86119
24.8716
24.88201
24.89242
24.90283
24.91324
24.92365
24.93406
24.94448
24.95489
24.9653
24.97571
24.98612
24.99653
25.00694
25.01735
25.02776
25.03817
25.04858
25.05899
25.0694
25.07981
25.09023
25.10064
25.11105
25.12146
25.13187
25.14228
25.15269
25.1631
25.17351
25.18392
25.19434
25.20475
25.21516
25.22557
25.23598
25.24639
25.2568
25.26721
25.27762
25.28803
25.29844
25.30886
25.31927
25.32968
25.34009
25.3505
25.36091
25.37132
25.38173
25.39214
25.40255
25.41296
25.42337
25.43379
25.4442
25.45461
25.46502
25.47543
25.48584
25.49625
25.50666
25.51707
25.52748
25.5379
25.54831
25.55872
25.56913
25.57954
25.58995
25.60036
25.61077
25.62118
25.63159
25.642
25.65241
25.66282
25.67324
25.68365
25.69406
25.70447
25.71488
25.72529
25.7357
25.74611
25.75652
25.76693
25.77735
25.78776
25.79817
25.80858
25.81899
25.8294
25.83981
25.85022
25.86063
25.87104
25.88145
25.89186
25.90228
25.91269
25.9231
25.93351
25.94392
25.95433
25.96474
25.97515
25.98556
25.99597
26.00638
26.0168
26.02721
26.03762
26.04803
26.05844
26.06885
26.07926
26.08967
26.10008
26.11049
26.1209
26.13132
26.14173
26.15214
26.16255
26.17296
26.18337
26.19378
26.20419
26.2146
26.22501
26.23542
26.24583
26.25624
26.26666
26.27707
26.28748
26.29789
26.3083
26.31871
26.32912
26.33953
26.34994
26.36035
26.37077
26.38118
26.39159
26.402
26.41241
26.42282
26.43323
26.44364
26.45405
26.46446
26.47487
26.48528
26.4957
26.50611
26.51652
26.52693
26.53734
26.54775
26.55816
26.56857
26.57898
26.58939
26.5998
26.61022
26.62063
26.63104
26.64145
26.65186
26.67268
26.6935
26.71432
26.73515
26.75597
26.77679
26.79761
26.81843
26.83925
26.86008
26.8809
26.90172
26.92254
26.94336
26.96419
26.98501
27.00583
27.02665
27.04747
27.06829
27.08912
27.10994
27.13076
27.15158
27.1724
27.19323
27.21405
27.23487
27.25569
27.27651
27.29733
27.31816
27.33898
27.3598
27.38062
27.40144
27.42226
27.44309
27.46391
27.48473
27.50555
27.52637
27.5472
27.56802
27.58884
27.60966
27.63048
27.6513
27.67212
27.69295
27.71377
27.73459
27.75541
27.77623
27.79706
27.81788
27.8387
27.85952
27.88034
27.90117
27.92199
27.94281
27.96363
27.98445
28.00527
28.0261
28.04692
28.06774
28.08856
28.10938
28.13021
28.15103
28.17185
28.19267
28.21349
28.23431
28.25513
28.27596
28.29678
28.3176
28.33842
28.35924
28.38007
28.40089
28.42171
28.44253
28.46335
28.48417
28.505
28.52582
28.54664
28.56746
28.58828
28.6091
28.62993
28.65075
28.67157
28.69239
28.71321
28.73404
28.75486
28.77568
28.7965
28.81732
28.83814
28.85897
28.87979
28.90061
28.92143
28.94225
28.96308
28.9839
29.00472
29.02554
29.04636
29.06718
29.08801
29.10883
29.12965
29.15047
29.17129
29.19211
29.21294
29.23376
29.25458
29.2754
29.29622
29.31705
29.33787
29.35869
29.37951
29.40033
29.42115
29.44197
29.4628
29.48362
29.50444
29.52526
29.54608
29.56691
29.58773
29.60855
29.62937
29.65019
29.67101
29.69184
29.71266
29.73348
29.7543
29.77512
29.79595
29.81677
29.83759
29.85841
29.87923
29.90005
29.92088
29.9417
29.96252
29.98334
30.00416
30.02498
30.04581
30.06663
30.08745
30.10827
30.12909
30.14992
30.17074
30.19156
30.21238
30.2332
30.25402
30.27485
30.29567
30.31649
30.33731
30.35813
30.37896
30.39978
30.4206
30.44142
30.46224
30.48306
30.50389
30.52471
30.54553
30.56635
30.58717
30.60799
30.62882
30.64964
30.67046
30.69128
30.7121
30.73293
30.75375
30.77457
30.79539
30.81621
30.83703
30.85785
30.87868
30.8995
30.92032
30.94114
30.96196
30.98279
31.00361
31.02443
31.04525
31.06607
31.08689
31.10772
31.12854
31.14936
31.17018
31.191
31.21183
31.23265
31.25347
31.27429
31.29511
31.31594
31.32635
31.33676
31.34717
31.35758
31.36799
31.3784
31.38881
31.39922
31.40963
31.42004
31.43045
31.44087
31.45128
31.46169
31.4721
31.48251
31.49292
31.50333
31.51374
31.52415
31.53456
31.54498
31.55539
31.5658
31.57621
31.58662
31.59703
31.60744
31.61785
31.62826
31.63867
31.64908
31.65949
31.6699
31.68032
31.69073
31.70114
31.71155
31.72196
31.73237
31.74278
31.75319
31.7636
31.77401
31.78442
31.79484
31.80525
31.81566
31.82607
31.83648
31.84689
31.8573
31.86771
31.87812
31.88853
31.89894
31.90936
31.91977
31.93018
31.94059
31.951
31.96141
31.97182
31.98223
32.15964
32.17005
32.18046
32.19088
32.20129
32.2117
32.22211
32.23252
32.24293
32.25334
32.26375
32.27416
32.28457
32.29498
32.30539
32.3158
32.32622
32.33663
32.34704
32.35745
32.36786
32.37827
32.38868
32.39909
32.4095
32.41991
32.43032
32.44073
32.45115
32.46156
32.47197
32.48238
32.49279
32.5032
32.51361
32.52402
32.53444
32.54485
32.55526
32.56567
32.57608
32.58649
32.5969
32.60731
32.61772
32.62813
32.63854
32.64895
32.82636
32.83677
32.84718
32.8576
32.86801
32.87842
32.88883
32.89924
32.90965
32.92006
32.93047
32.94088
32.95129
32.9617
32.97211
32.98252
32.99294
33.00335
33.01376
33.02417
33.03458
33.04499
33.0554
33.06581
33.07623
33.08664
33.09705
33.10746
33.11787
33.12828
33.13869
33.1491
33.15951
33.16992
33.18033
33.19074
33.20116
33.21157
33.22198
33.23239
33.2428
33.25321
33.26362
33.27403
33.28444
33.29485
33.30526
33.31567
33.32608
33.3365
33.34691
33.35732
33.36773
33.37814
33.38855
33.39896
33.40937
33.41978
33.43019
33.44061
33.45102
33.46143
33.47184
33.48225
33.49266
33.50307
33.51348
33.52389
33.5343
33.54472
33.55513
33.56554
33.57595
33.58636
33.59677
33.60718
33.61759
33.628
33.63841
33.64882
33.65923
33.66964
33.68005
33.69047
33.70088
33.71129
33.7217
33.73211
33.74252
33.75293
33.76334
33.77375
33.78416
33.79457
33.80499
33.8154
33.82581
33.83622
33.84663
33.85704
33.86745
33.87786
33.88827
33.89869
33.9091
33.91951
33.92992
33.94033
33.95074
33.96115
33.97156
33.98197
33.99238
34.00279
34.0132
34.02361
34.03403
34.04444
34.05485
34.06526
34.07567
34.08608
34.09649
34.1069
34.11731
34.12772
34.13813
34.14854
34.15895
34.16937
34.17978
34.19019
34.2006
34.21101
34.22142
34.23183
34.24224
34.25266
34.26307
34.27348
34.28389
34.2943
34.30471
34.31512
34.32553
34.33594
34.34635
34.35676
34.36717
34.37759
34.388
34.39841
34.40882
34.41923
34.42964
34.44005
34.45046
34.46087
34.47128
34.48169
34.4921
34.50251
34.51293
34.52334
34.53375
34.54416
34.55457
34.56498
34.57539
34.5858
34.59621
34.60662
34.61703
34.62745
34.63786
34.64827
34.65868
34.66909
34.6795
34.68991
34.70032
34.71073
34.72115
34.73156
34.74197
34.75238
34.76279
34.7732
34.78361
34.79402
34.80443
34.81484
34.82525
34.83566
34.84607
34.85648
34.8669
34.87731
34.88772
34.89813
34.90854
34.91895
34.92936
34.93977
34.95018
34.96059
34.971
34.98141
35.32483
35.33524
35.34565
35.35606
35.36647
35.37688
35.38729
35.3977
35.40811
35.41852
35.42894
35.43935
35.44976
35.46017
35.47058
35.48099
35.4914
35.50181
35.51222
35.52263
35.53304
35.54345
35.55386
35.56428
35.57469
35.5851
35.59551
35.60592
35.61633
35.62674
35.63715
35.64756
35.65797
35.66838
35.67879
35.68921
35.69962
35.71003
35.72044
35.73085
35.74126
35.75167
35.76208
35.7725
35.78291
35.79332
35.80373
35.81414
35.82455
35.83496
35.84537
35.85578
35.86619
35.8766
35.88701
35.89742
35.90784
35.91825
35.92866
35.93907
35.94948
35.95989
35.9703
35.98071
35.99112
36.00153
36.01194
36.02235
36.03276
36.04317
36.05359
36.064
36.07441
36.08482
36.09523
36.10564
36.11605
36.12646
36.13688
36.14729
36.1577
36.16811
36.17852
36.18893
36.19934
36.20975
36.22016
36.23057
36.24098
36.25139
36.26181
36.27222
36.28263
36.29304
36.30345
36.31386
36.32427
36.33468
36.34509
36.3555
36.36591
36.37632
36.38673
36.39715
36.40756
36.41797
36.42838
36.43879
36.4492
36.45961
36.47002
36.48043
36.49084
36.50126
36.51167
36.52208
36.53249
36.5429
36.55331
36.56372
36.57413
36.58454
36.59495
36.60537
36.61578
36.62619
36.6366
36.64701
36.65742
36.66783
36.67824
36.68865
36.69906
36.70947
36.71988
36.73029
36.74071
36.75112
36.76153
36.77194
36.78235
36.79276
36.80317
36.81358
36.82399
36.8344
36.84481
36.85522
36.86563
36.87605
36.88646
36.89687
36.90728
36.91769
36.9281
36.93851
36.94893
36.95934
36.96975
36.98016
36.99057
37.00098
37.01139
37.0218
37.03221
37.04262
37.05303
37.06344
37.07385
37.08426
37.09468
37.10509
37.1155
37.12591
37.13632
37.14673
37.15714
37.16755
37.17796
37.18837
37.19878
37.20919
37.2196
37.23002
37.24043
37.25084
37.26125
37.27166
37.28207
37.29248
37.30289
37.3133
37.32372
37.33413
37.34454
37.35495
37.36536
37.37577
37.38618
37.39659
37.407
37.41741
37.42782
37.43824
37.44865
37.45906
37.46947
37.47988
37.49029
37.5007
37.51111
37.52152
37.53193
37.54234
37.55275
37.56316
37.57358
37.58399
37.5944
37.60481
37.61522
37.62563
37.63604
37.64645
37.65686
37.66727
37.67768
37.6881
37.69851
37.70892
37.71933
37.72974
37.74015
37.75056
37.76097
37.77138
37.7818
37.79221
37.80262
37.81303
37.82344
37.83385
37.84426
37.85467
37.86508
37.87549
37.8859
37.89631
37.90672
37.91714
37.92755
37.93796
37.94837
37.95878
37.96919
37.9796
37.99001
38.00042
38.01083
38.02124
38.03165
38.04206
38.05247
38.06289
38.0733
38.08371
38.09412
38.10453
38.11494
38.12535
38.13577
38.14618
38.15659
38.167
38.17741
38.18782
38.19823
38.20864
38.21905
38.22946
38.23987
38.25028
38.26069
38.27111
38.28152
38.29193
38.30234
38.31275
38.32316
38.33357
38.34398
38.35439
38.3648
38.37521
38.38562
38.39603
38.40645
38.41686
38.42727
38.43768
38.44809
38.4585
38.46891
38.47932
38.48973
38.50014
38.51056
38.52097
38.53138
38.54179
38.5522
38.56261
38.57302
38.58343
38.59384
38.60425
38.61467
38.62508
38.63549
38.6459
38.65631
38.66672
38.67713
38.68754
38.69795
38.70836
38.71877
38.72918
38.73959
38.75001
38.76042
38.77083
38.78124
38.79165
38.80206
38.81247
38.82288
38.83329
38.8437
38.85411
38.86452
38.87494
38.88535
38.89576
38.90617
38.91658
38.92699
38.9374
38.94781
38.95823
38.96864
38.97905
38.98946
38.99987
39.01028
39.02069
39.0311
39.04151
39.05192
39.06233
39.07274
39.08315
39.09357
39.10398
39.11439
39.1248
39.13521
39.14562
39.15603
39.16644
39.17685
39.18726
39.19767
39.20808
39.21849
39.2289
39.23932
39.24973
39.26014
39.27055
39.28096
39.29137
39.30178
39.31219
39.32261
39.33302
39.34343
39.35384
39.36425
39.37466
39.38507
39.39548
39.40589
39.4163
39.42671
39.43712
39.44754
39.45795
39.46836
39.47877
39.48918
39.49959
39.51
39.52041
39.53082
39.54123
39.55164
39.56205
39.57246
39.58288
39.59329
39.6037
39.61411
39.62452
39.63493
39.64534
39.65575
39.66616
39.67657
39.68699
39.6974
39.70781
39.71822
39.72863
39.73904
39.74945
39.75986
39.77027
39.78068
39.7911
39.80151
39.81192
39.82233
39.83274
39.84315
39.85356
39.86397
39.87438
39.88479
39.8952
39.90561
39.91602
39.92644
39.93685
39.94726
39.95767
39.96808
39.97849
39.9889
39.99931
40.00972
40.02013
40.03054
40.04095
40.05136
40.06178
40.07219
40.0826
40.09301
40.10342
40.11383
40.12424
40.13465
40.14507
40.15548
40.16589
40.1763
40.18671
40.19712
40.20753
40.21794
40.22835
40.23876
40.24917
40.25958
40.27
40.28041
40.29082
40.30123
40.31164
40.32205
40.33246
40.34287
40.35328
40.36369
40.3741
40.38451
40.39492
40.40533
40.41575
40.42616
40.43657
40.44698
40.45739
40.4678
40.47821
40.48862
40.49903
40.50945
40.51986
40.53027
40.54068
40.55109
40.5615
40.57191
40.58232
40.59273
40.60314
40.61355
40.62397
40.63438
40.64479
40.6552
40.66561
40.67602
40.68643
40.69684
40.70725
40.71766
40.72807
40.73848
40.74889
40.75931
40.76972
40.78013
40.79054
40.80095
40.81136
40.82177
40.83218
40.84259
40.853
40.86341
40.87383
40.88424
40.89465
40.90506
40.91547
40.92588
40.93629
40.9467
40.95711
40.96753
40.97794
40.98835
40.99876
41.00917
41.01958
41.02999
41.0404
41.05081
41.06122
41.07163
41.08204
41.09245
41.10287
41.11328
41.12369
41.1341
41.14451
41.15492
41.16533
41.17574
41.18615
41.19656
41.20697
41.21738
41.22779
41.2382
41.24862
41.25903
41.26944
41.27985
41.29026
41.30067
41.31108
41.3215
41.33191
41.34232
41.35273
41.36314
41.37355
41.38396
41.39437
41.40478
41.41519
41.4256
41.43601
41.44643
41.45684
41.46725
41.47766
41.48807
41.49848
41.50889
41.5193
41.52971
41.54012
41.55053
41.56094
41.57135
41.58176
41.59218
41.60259
41.613
41.62341
41.63382
41.64423
41.65464
41.66505
41.67546
41.68587
41.69629
41.7067
41.71711
41.72752
41.73793
41.74834
41.75875
41.76916
41.77957
41.78998
41.8004
41.81081
41.82122
41.83163
41.84204
41.85245
41.86286
41.87327
41.88368
41.89409
41.9045
41.91491
41.92532
41.93574
41.94615
41.95656
41.96697
41.97738
41.98779
41.9982
42.00861
42.01902
42.02943
42.03984
42.05025
42.06067
42.07108
42.08149
42.0919
42.10231
42.11272
42.12313
42.13354
42.14396
42.15437
42.16478
42.17519
42.1856
42.19601
42.20642
42.21683
42.22724
42.23765
42.24806
42.25847
42.26888
42.2793
42.28971
42.30012
42.31053
42.32094
42.33135
42.34176
42.35217
42.36258
42.37299
42.3834
42.39381
42.40422
42.41463
42.42505
42.43546
42.44587
42.45628
42.46669
42.4771
42.48751
42.49792
42.50834
42.51875
42.52916
42.53957
42.54998
42.56039
42.5708
42.58121
42.59162
42.60203
42.61244
42.62285
42.63327
42.64368
42.65409
42.6645
42.67491
42.68532
42.69573
42.70614
42.71655
42.72696
42.73737
42.74778
42.75819
42.76861
42.77902
42.78943
42.79984
42.81025
42.82066
42.83107
42.84148
42.85189
42.8623
42.87271
42.88313
42.89354
42.90395
42.91436
42.92477
42.93518
42.94559
42.956
42.96641
42.97683
42.98724
42.99765
43.00806
43.01847
43.02888
43.03929
43.0497
43.06011
43.07052
43.08093
43.09134
43.10175
43.11217
43.12258
43.13299
43.1434
43.15381
43.16422
43.17463
43.18504
43.19545
43.20586
43.21627
43.22668
43.23709
43.24751
43.25792
43.26833
43.27874
43.28915
43.29956
43.30997
43.32038
43.3308
43.34121
43.35162
43.36203
43.37244
43.38285
43.39326
43.40367
43.41408
43.42449
43.4349
43.44531
43.45573
43.46614
43.47655
43.48696
43.49737
43.50778
43.51819
43.5286
43.53901
43.54942
43.55983
43.57024
43.58065
43.59106
43.60148
43.61189
43.6223
43.63271
43.64312
43.65353
43.66394
43.67435
43.68476
43.69518
43.70559
43.716
43.72641
43.73682
43.74723
43.75764
43.76805
43.77846
43.78887
43.79928
43.8097
43.82011
43.83052
43.84093
43.85134
43.86175
43.87216
43.88257
43.89298
43.90339
43.9138
43.92421
43.93462
43.94504
43.95545
43.96586
43.97627
43.98668
43.99709
44.0075
44.01791
44.02832
44.03873
44.04914
44.05956
44.06997
44.08038
44.09079
44.1012
44.11161
44.12202
44.13243
44.14284
44.15326
44.16367
44.17408
44.18449
44.1949
44.20531
44.21572
44.22613
44.23654
44.24695
44.25736
44.26777
44.27818
44.2886
44.29901
44.30942
44.31983
44.33024
44.34065
44.35106
44.36147
44.37188
44.38229
44.3927
44.40311
44.41352
44.42394
44.43435
44.44476
44.45517
44.46558
44.47599
44.4864
44.49681
44.50723
44.51764
44.52805
44.53846
44.54887
44.55928
44.56969
44.5801
44.59051
44.60092
44.61133
44.62174
44.63216
44.64257
44.65298
44.66339
44.6738
44.68421
44.69462
44.70503
44.71544
44.72585
44.73626
44.74667
44.75708
44.76749
44.77791
44.78832
44.79873
44.80914
44.81955
44.82996
44.84037
44.85078
44.86119
44.8716
44.88202
44.89243
44.90284
44.91325
44.92366
44.93407
44.94448
44.95489
44.9653
44.97571
44.98613
44.99654
45.00695
45.01736
45.02777
45.03818
45.04859
45.059
45.06941
45.07982
45.09023
45.10064
45.11105
45.12147
45.13188
45.14229
45.1527
45.16311
45.17352
45.18393
45.19434
45.20475
45.21516
45.22557
45.23598
45.2464
45.25681
45.26722
45.27763
45.28804
45.29845
45.30886
45.31927
45.32969
45.3401
45.35051
45.36092
45.37133
45.38174
45.39215
45.40256
45.41297
45.42338
45.43379
45.4442
45.45461
45.46503
45.47544
45.48585
45.49626
45.50667
45.51708
45.52749
45.5379
45.54831
45.55872
45.56913
45.57954
45.58995
45.60036
45.61078
45.62119
45.6316
45.64201
45.65242
45.66283
45.67324
45.68365
45.69407
45.70448
45.71489
45.7253
45.73571
45.74612
45.75653
45.76694
45.77735
45.78776
45.79817
45.80859
45.819
45.82941
45.83982
45.85023
45.86064
45.87105
45.88146
45.89187
45.90228
45.91269
45.9231
45.93351
45.94392
45.95434
45.96475
45.97516
45.98557
45.99598
46.00639
46.0168
46.02721
46.03762
46.04803
46.05844
46.06886
46.07927
46.08968
46.10009
46.1105
46.12091
46.13132
46.14173
46.15214
46.16256
46.17297
46.18338
46.19379
46.2042
46.21461
46.22502
46.23543
46.24584
46.25625
46.26666
46.27707
46.28748
46.2979
46.30831
46.31872
46.32913
46.33954
46.34995
46.36036
46.37077
46.38118
46.39159
46.402
46.41241
46.42282
46.43324
46.44365
46.45406
46.46447
46.47488
46.48529
46.4957
46.50611
46.51653
46.52694
46.53735
46.54776
46.55817
46.56858
46.57899
46.5894
46.59981
46.61022
46.62063
46.63104
46.64146
46.65187
46.66228
46.67269
46.6831
46.69351
46.70392
46.71433
46.72474
46.73515
46.74556
46.75597
46.76638
46.77679
46.78721
46.79762
46.80803
46.81844
46.82885
46.83926
46.84967
46.86008
46.87049
46.88091
46.89132
46.90173
46.91214
46.92255
46.93296
46.94337
46.95378
46.96419
46.9746
46.98501
46.99543
47.00584
47.01625
47.02666
47.03707
47.04748
47.05789
47.0683
47.07871
47.08912
47.09953
47.10994
47.12035
47.13077
47.14118
47.15159
47.162
47.17241
47.18282
47.19323
47.20364
47.21405
47.22446
47.23487
47.24529
47.2557
47.26611
47.27652
47.28693
47.29734
47.30775
47.31816
47.32857
47.33899
47.3494
47.35981
47.37022
47.38063
47.39104
47.40145
47.41186
47.42227
47.43268
47.44309
47.4535
47.46391
47.47433
47.48474
47.49515
47.50556
47.51597
47.52638
47.53679
47.5472
47.55761
47.56802
47.57843
47.58884
47.59925
47.60967
47.62008
47.63049
47.6409
47.65131
47.66172
47.67213
47.68254
47.69296
47.70337
47.71378
47.72419
47.7346
47.74501
47.75542
47.76583
47.77624
47.78665
47.79706
47.80747
47.81789
47.8283
47.83871
47.84912
47.85953
47.86994
47.88035
47.89076
47.90117
47.91158
47.92199
47.9324
47.94281
47.95322
47.96364
47.97405
47.98446
47.99487
48.00528
48.01569
48.0261
48.03651
48.04692
48.05733
48.06775
48.07816
48.08857
48.09898
48.10939
48.1198
48.13021
48.14062
48.15103
48.16144
48.17186
48.18227
48.19268
48.20309
48.2135
48.22391
48.23432
48.24473
48.25514
48.26555
48.27596
48.28637
48.29678
48.3072
48.31761
48.32802
48.33843
48.34884
48.35925
48.36966
48.38007
48.39048
48.40089
48.4113
48.42171
48.43213
48.44254
48.45295
48.46336
48.47377
48.48418
48.49459
48.505
48.51542
48.52583
48.53624
48.54665
48.55706
48.56747
48.57788
48.58829
48.5987
48.60911
48.61952
48.62993
48.64034
48.65076
48.66117
48.67158
48.68199
48.6924
48.70281
48.71322
48.72363
48.73404
48.74445
48.75486
48.76527
48.77568
48.7861
48.79651
48.80692
48.81733
48.82774
48.83815
48.84856
48.85897
48.86938
48.8798
48.89021
48.90062
48.91103
48.92144
48.93185
48.94226
48.95267
48.96308
48.97349
48.9839
48.99432
49.00473
49.01514
49.02555
49.03596
49.04637
49.05678
49.06719
49.0776
49.08801
49.09842
49.10883
49.11924
49.12965
49.14007
49.15048
49.16089
49.1713
49.18171
49.19212
49.20253
49.21294
49.22335
49.23376
49.24417
49.25459
49.265
49.27541
49.28582
49.29623
49.30664
49.31705
49.32746
49.33787
49.34829
49.3587
49.36911
49.37952
49.38993
49.40034
49.41075
49.42116
49.43157
49.44198
49.45239
49.4628
49.47321
49.48363
49.49404
49.50445
49.51486
49.52527
49.53568
49.54609
49.5565
49.56691
49.57732
49.58773
49.59814
49.60855
49.61897
49.62938
49.63979
49.6502
49.66061
49.67102
49.68143
49.69184
49.70226
49.71267
49.72308
49.73349
49.7439
49.75431
49.76472
49.77513
49.78554
49.79595
49.80636
49.81677
49.82719
49.8376
49.84801
49.85842
49.86883
49.87924
49.88965
49.90006
49.91047
49.92088
49.93129
49.9417
49.95211
49.96252
49.97294
49.98335
49.99376
50.00417
50.01458
50.02499
50.0354
50.04581
50.05622
50.06664
50.07705
50.08746
50.09787
50.10828
50.11869
50.1291
50.13951
50.14992
50.16033
50.17075
50.18116
50.19157
50.20198
50.21239
50.2228
50.23321
50.24362
50.25403
50.26444
50.27485
50.28526
50.29567
50.30608
50.3165
50.32691
50.33732
50.34773
50.35814
50.36855
50.37896
50.38937
50.39978
50.41019
50.4206
50.43102
50.44143
50.45184
50.46225
50.47266
50.48307
50.49348
50.50389
50.5143
50.52472
50.53513
50.54554
50.55595
50.56636
50.57677
50.58718
50.59759
50.608
50.61841
50.62882
50.63923
50.64964
50.66006
50.67047
50.68088
50.69129
50.7017
50.71211
50.72252
50.73293
50.74334
50.75375
50.76416
50.77457
50.78498
50.7954
50.80581
50.81622
50.82663
50.83704
50.84745
50.85786
50.86827
50.87868
50.8891
50.89951
50.90992
50.92033
50.93074
50.94115
50.95156
50.96197
50.97238
50.98279
50.9932
51.00362
51.01403
51.02444
51.03485
51.04526
51.05567
51.06608
51.07649
51.0869
51.09731
51.10772
51.11813
51.12854
51.13895
51.14937
51.15978
51.17019
51.1806
51.19101
51.20142
51.21183
51.22224
51.23265
51.24306
51.25348
51.26389
51.2743
51.28471
51.29512
51.30553
51.31594
51.32635
51.33676
51.34717
51.35759
51.368
51.37841
51.38882
51.39923
51.40964
51.42005
51.43046
51.44087
51.45128
51.46169
51.4721
51.48251
51.49293
51.50334
51.51375
51.52416
51.53457
51.54498
51.55539
51.5658
51.57621
51.58662
51.59703
51.60744
51.61786
51.62827
51.63868
51.64909
51.6595
51.66991
51.68032
51.69073
51.70115
51.71156
51.72197
51.73238
51.74279
51.7532
51.76361
51.77402
51.78443
51.79484
51.80525
51.81566
51.82607
51.83649
51.8469
51.85731
51.86772
51.87813
51.88854
51.89895
51.90936
51.91977
51.93018
51.94059
51.951
51.96141
51.97183
51.98224
51.99265
52.00306
52.01347
52.02388
52.03429
52.0447
52.05511
52.06553
52.07594
52.08635
52.09676
52.10717
52.11758
52.12799
52.1384
52.14881
52.15922
52.16963
52.18005
52.19046
52.20087
52.21128
52.22169
52.2321
52.24251
52.25292
52.26333
52.27374
52.28415
52.29456
52.30497
52.31538
52.3258
52.33621
52.34662
52.35703
52.36744
52.37785
52.38826
52.39867
52.40908
52.41949
52.4299
52.44032
52.45073
52.46114
52.47155
52.48196
52.49237
52.50278
52.51319
52.5236
52.53402
52.54443
52.55484
52.56525
52.57566
52.58607
52.59648
52.60689
52.6173
52.62771
52.63812
52.64853
52.65894
52.66936
52.67977
52.69018
52.70059
52.711
52.72141
52.73182
52.74223
52.75264
52.76305
52.77346
52.78387
52.79428
52.8047
52.81511
52.82552
52.83593
52.84634
52.85675
52.86716
52.87757
52.88799
52.8984
52.90881
52.91922
52.92963
52.94004
52.95045
52.96086
52.97127
52.98168
52.99209
53.0025
53.01292
53.02333
53.03374
53.04415
53.05456
53.06497
53.07538
53.08579
53.0962
53.10661
53.11702
53.12743
53.13784
53.14826
53.15867
53.16908
53.17949
53.1899
53.20031
53.21072
53.22113
53.23154
53.24195
53.25237
53.26278
53.27319
53.2836
53.29401
53.30442
53.31483
53.32524
53.33565
53.34606
53.35648
53.36689
53.3773
53.38771
53.39812
53.40853
53.41894
53.42935
53.43976
53.45017
53.46058
53.47099
53.4814
53.49181
53.50223
53.51264
53.52305
53.53346
53.54387
53.55428
53.56469
53.5751
53.58551
53.59592
53.60633
53.61674
53.62716
53.63757
53.64798
53.65839
53.6688
53.67921
53.68962
53.70003
53.71045
53.72086
53.73127
53.74168
53.75209
53.7625
53.77291
53.78332
53.79373
53.80414
53.81455
53.82496
53.83537
53.84579
53.8562
53.86661
53.87702
53.88743
53.89784
53.90825
53.91866
53.92907
53.93948
53.94989
53.9603
53.97071
53.98113
53.99154
54.00195
54.01236
54.02277
54.03318
54.04359
54.054
54.06441
54.07483
54.08524
54.09565
54.10606
54.11647
54.12688
54.13729
54.1477
54.15811
54.16852
54.17893
54.18935
54.19976
54.21017
54.22058
54.23099
54.2414
54.25181
54.26222
54.27263
54.28304
54.29345
54.30386
54.31427
54.32469
54.3351
54.34551
54.35592
54.36633
54.37674
54.38715
54.39756
54.40797
54.41838
54.42879
54.43921
54.44962
54.46003
54.47044
54.48085
54.49126
54.50167
54.51208
54.52249
54.53291
54.54332
54.55373
54.56414
54.57455
54.58496
54.59537
54.60578
54.61619
54.6266
54.63701
54.64742
54.65783
54.66824
54.67866
54.68907
54.69948
54.70989
54.7203
54.73071
54.74112
54.75153
54.76194
54.77235
54.78276
54.79317
54.80359
54.814
54.82441
54.83482
54.84523
54.85564
54.86605
54.87646
54.88688
54.89729
54.9077
54.91811
54.92852
54.93893
54.94934
54.95975
54.97016
54.98057
54.99098
55.00139
55.0118
55.02222
55.03263
55.04304
55.05345
55.06386
55.07427
55.08468
55.09509
55.1055
55.11591
55.12632
55.13673
55.14714
55.15756
55.16797
55.17838
55.18879
55.1992
55.20961
55.22002
55.23043
55.24084
55.25126
55.26167
55.27208
55.28249
55.2929
55.30331
55.31372
55.32413
55.33454
55.34495
55.35536
55.36578
55.37619
55.3866
55.39701
55.40742
55.41783
55.42824
55.43865
55.44906
55.45947
55.46988
55.48029
55.4907
55.50111
55.51153
55.52194
55.53235
55.54276
55.55317
55.56358
55.57399
55.5844
55.59481
55.60522
55.61563
55.62605
55.63646
55.64687
55.65728
55.66769
55.6781
55.68851
55.69892
55.70934
55.71975
55.73016
55.74057
55.75098
55.76139
55.7718
55.78221
55.79262
55.80303
55.81344
55.82385
55.83426
55.84467
55.85509
55.8655
55.87591
55.88632
55.89673
55.90714
55.91755
55.92796
55.93837
55.94878
55.95919
55.9696
55.98001
55.99043
56.00084
56.01125
56.02166
56.03207
56.04248
56.05289
56.0633
56.07372
56.08413
56.09454
56.10495
56.11536
56.12577
56.13618
56.14659
56.157
56.16741
56.17782
56.18823
56.19865
56.20906
56.21947
56.22988
56.24029
56.2507
56.26111
56.27152
56.28193
56.29234
56.30275
56.31316
56.32357
56.33399
56.3444
56.35481
56.36522
56.37563
56.38604
56.39645
56.40686
56.41727
56.42768
56.4381
56.44851
56.45892
56.46933
56.47974
56.49015
56.50056
56.51097
56.52138
56.53179
56.54221
56.55262
56.56303
56.57344
56.58385
56.59426
56.60467
56.61508
56.62549
56.6359
56.64631
56.65672
56.66713
56.67754
56.68796
56.69837
56.70878
56.71919
56.7296
56.74001
56.75042
56.76083
56.77124
56.78165
56.79206
56.80247
56.81289
56.8233
56.83371
56.84412
56.85453
56.86494
56.87535
56.88576
56.89618
56.90659
56.917
56.92741
56.93782
56.94823
56.95864
56.96905
56.97946
56.98987
57.00028
57.01069
57.0211
57.03152
57.04193
57.05234
57.06275
57.07316
57.08357
57.09398
57.10439
57.1148
57.12521
57.13562
57.14603
57.15644
57.16686
57.17727
57.18768
57.19809
57.2085
57.21891
57.22932
57.23973
57.25014
57.26056
57.27097
57.28138
57.29179
57.3022
58.97861
58.98902
58.99943
59.00984
59.02026
59.03067
59.04108
59.05149
59.0619
59.07231
59.08272
59.09313
59.10354
59.11395
59.12436
59.13477
59.14518
59.1556
59.16601
59.17642
59.18683
59.19724
59.20765
59.21806
59.22847
59.23888
59.24929
59.2597
59.27011
59.28053
59.29094
59.30135
59.31176
59.32217
59.33258
59.34299
59.3534
59.36382
59.37423
59.38464
59.39505
59.40546
59.41587
59.42628
59.43669
59.4471
59.45751
59.46792
59.47833
59.48874
59.49916
59.50957
59.51998
59.53039
59.5408
59.55121
59.56162
59.57203
59.58244
59.59285
59.60326
59.61367
59.62408
59.63449
59.64491
59.65532
59.66573
59.67614
59.68655
59.69696
59.70737
59.71778
59.7282
59.73861
59.74902
59.75943
59.76984
59.78025
59.79066
59.80107
59.81148
59.82189
59.8323
59.84271
59.85313
59.86354
59.87395
59.88436
59.89477
59.90518
59.91559
59.926
59.93641
59.94682
59.95723
59.96764
59.97805
59.98847
59.99888
60.00929
60.0197
60.03011
60.04052
60.05093
60.06134
60.07175
60.08216
60.09258
60.10299
60.1134
60.12381
60.13422
60.14463
60.15504
60.16545
60.17586
60.18627
60.19669
60.2071
60.21751
60.22792
60.23833
60.24874
60.25915
60.26956
60.27997
60.29038
60.30079
60.3112
60.32161
60.33203
60.34244
60.35285
60.36326
60.37367
60.38408
60.39449
60.4049
60.41531
60.42572
60.43613
60.44654
60.45695
60.46737
60.47778
60.48819
60.4986
60.50901
60.51942
60.52983
60.54025
60.55066
60.56107
60.57148
60.58189
60.5923
60.60271
60.61312
60.62353
60.63394
60.64435
60.65476
60.66517
60.67559
60.686
60.69641
60.70682
60.71723
60.72764
60.73805
60.74846
60.75887
60.76928
60.77969
60.7901
60.80051
60.81092
60.82134
60.83175
60.84216
60.85257
60.86298
60.87339
60.8838
60.89421
60.90462
60.91504
60.92545
60.93586
60.94627
60.95668
60.96709
60.9775
60.98791
60.99832
61.00873
61.01914
61.02956
61.03997
61.05038
61.06079
61.0712
61.08161
61.09202
61.10243
61.11284
61.12325
61.13366
61.14407
61.15448
61.1649
61.17531
61.18572
61.19613
61.20654
61.21695
61.22736
61.23777
61.24818
61.25859
61.269
61.27942
61.28983
61.30024
61.31065
61.32106
61.33147
61.34188
61.35229
61.3627
61.37312
61.38353
61.39394
61.40435
61.41476
61.42517
61.43558
61.44599
61.4564
61.46681
61.47722
61.48763
61.49804
61.50846
61.51887
61.52928
61.53969
61.5501
61.56051
61.57092
61.58133
61.59174
61.60215
61.61256
61.62297
61.63338
61.6438
61.65421
61.66462
61.67503
61.68544
61.69585
61.70626
61.71667
61.72709
61.7375
61.74791
61.75832
61.76873
61.77914
61.78955
61.79996
61.81037
61.82078
61.83119
61.8416
61.85202
61.86243
61.87284
61.88325
61.89366
61.90407
61.91448
61.92489
61.9353
61.94571
61.95612
61.96653
61.97694
61.98735
61.99777
62.00818
62.01859
62.029
62.03941
62.04982
62.06023
62.07064
62.08105
62.09146
62.10188
62.11229
62.1227
62.13311
62.14352
62.15393
62.16434
62.17475
62.18516
62.19557
62.20599
62.2164
62.22681
62.23722
62.24763
62.25804
62.26845
62.27886
62.28927
62.29968
62.31009
62.3205
62.33091
62.34133
62.35174
62.36215
62.37256
62.38297
62.39338
62.40379
62.4142
62.42461
62.43502
62.44543
62.45584
62.46626
62.47667
62.48708
62.49749
62.5079
62.51831
62.52872
62.53913
62.54955
62.55996
62.57037
62.58078
62.59119
62.6016
62.61201
62.62242
62.63283
62.64324
62.65365
62.66406
62.67447
62.68489
62.6953
62.70571
62.71612
62.72653
62.73694
62.74735
62.75776
62.76817
62.77858
62.78899
62.7994
62.80981
62.82022
62.83064
62.84105
62.85146
62.86187
62.87228
62.88269
62.8931
62.90351
62.91393
62.92434
62.93475
62.94516
62.95557
62.96598
62.97639
62.9868
62.99721
63.00762
63.01803
63.02845
63.03886
63.04927
63.05968
63.07009
63.0805
63.09091
63.10132
63.11173
63.12214
63.13255
63.14296
63.15337
63.16378
63.1742
63.18461
63.19502
63.20543
63.21584
63.22625
63.23666
63.24707
63.25748
63.26789
63.27831
63.28872
63.29913
63.30954
63.31995
63.33036
63.34077
63.35118
63.36159
63.372
63.38242
63.39283
63.40324
63.41365
63.42406
63.43447
63.44488
63.45529
63.4657
63.47611
63.48652
63.49693
63.50734
63.51776
63.52817
63.53858
63.54899
63.5594
63.56981
63.58022
63.59063
63.60104
63.61145
63.62186
63.63227
63.64268
63.6531
63.66351
63.67392
63.68433
63.69474
63.70515
63.71556
63.72598
63.73639
63.7468
63.75721
63.76762
63.77803
63.78844
63.79885
63.80926
63.81967
63.83008
63.84049
63.8509
63.86132
63.87173
63.88214
63.89255
63.90296
63.91337
63.92378
63.93419
63.9446
63.95501
63.96542
63.97583
63.98624
63.99665
64.00706
64.01748
64.02789
64.0383
64.04871
64.05912
64.06953
64.07994
64.09035
64.10076
64.11118
64.12159
64.132
64.14241
64.15282
64.16323
64.17365
64.18405
64.19447
64.20487
64.21529
64.22569
64.23611
64.24652
64.25693
64.26734
64.27775
64.28816
64.29857
64.30898
64.3194
64.3298
64.34022
64.35062
64.36104
64.37144
64.38186
64.39227
64.40268
64.41309
64.4235
64.43391
64.44432
64.45473
64.46515
64.47556
64.48597
64.49638
64.50679
64.5172
64.52761
64.53802
64.54843
64.55885
64.56925
64.57967
64.59008
64.60049
64.6109
64.62131
64.63172
64.64213
64.65254
64.66296
64.67336
64.68378
64.69418
64.7046
64.715
64.72542
64.73583
64.74624
64.75665
64.76706
64.77747
64.78788
64.79829
64.80871
64.81911
64.82953
64.83994
64.85035
64.86076
64.87117
64.88158
64.89199
64.9024
64.91281
64.92323
64.93364
64.94405
64.95446
64.96487
64.97528
64.98569
64.9961
65.00652
65.01692
65.02734
65.03774
65.04816
65.05856
65.06898
65.07939
65.0898
65.10021
65.11062
65.12103
65.13144
65.14185
65.15227
65.16267
65.17309
65.18349
65.19391
65.20432
65.21473
65.22514
65.23555
65.24596
65.25637
65.26678
65.27719
65.28761
65.29802
65.30843
65.31884
65.32925
65.33966
65.35007
65.36048
65.3709
65.3813
65.39172
65.40212
65.41254
65.42295
65.43336
65.44377
65.45418
65.46459
65.475
65.48541
65.49583
65.50623
65.51665
65.52705
65.53747
65.54787
65.55829
65.5687
65.57911
65.58952
65.59993
65.61034
65.62075
65.63116
65.64158
65.65199
65.6624
65.67281
65.68322
65.69363
65.70404
65.71445
65.72486
65.73528
65.74568
65.7561
65.76651
65.77692
65.78733
65.79774
65.80815
65.81856
65.82897
65.83939
65.84979
65.86021
65.87061
65.88103
65.89143
65.90185
65.91226
65.92267
65.93308
65.94349
65.9539
65.96431
65.97472
65.98514
65.99554
66.00596
66.01637
66.02678
66.03719
66.0476
66.05801
66.06842
66.07883
66.08924
66.09966
66.11007
66.12048
66.13089
66.1413
66.15171
66.16212
66.17253
66.18295
66.19335
66.20377
66.21417
66.22459
66.23499
66.24541
66.25582
66.26623
66.27664
66.28705
66.29746
66.30787
66.31828
66.3287
66.3391
66.34952
66.35992
66.37034
66.38074
66.39116
66.40157
66.41198
66.42239
66.4328
66.44321
66.45362
66.46404
66.47445
66.48486
66.49527
66.50568
66.51609
66.5265
66.53691
66.54733
66.55773
66.56815
66.57855
66.58897
66.59938
66.60979
66.6202
66.63061
66.64102
66.65143
66.66184
66.67226
66.68266
66.69308
66.70348
66.7139
66.7243
66.73472
66.74513
66.75554
66.76595
66.77636
66.78677
66.79718
66.80759
66.81801
66.82841
66.83883
66.84924
66.85965
66.87006
66.88047
66.89088
66.90129
66.91171
66.92211
66.93253
66.94294
66.95335
66.96376
66.97417
66.98458
66.99499
67.0054
67.01582
67.02622
67.03664
67.04704
67.05746
67.06786
67.07828
67.08869
67.0991
67.10951
67.11992
67.13033
67.14074
67.15115
67.16157
67.17197
67.18239
67.19279
67.20321
67.21362
67.22403
67.23444
67.24485
67.25526
67.26567
67.27608
67.2865
67.29691
67.30732
67.31773
67.32814
67.33855
67.34896
67.35938
67.36978
67.3802
67.3906
67.40102
67.41142
67.42184
67.43225
67.44266
67.45307
67.46348
67.47389
67.4843
67.49471
67.50513
67.51553
67.52595
67.53635
67.54677
67.55717
67.56759
67.578
67.58841
67.59882
67.60923
67.61964
67.63005
67.64046
67.65088
67.66129
67.6717
67.68211
67.69252
67.70293
67.71334
67.72375
67.73416
67.74458
67.75498
67.7654
67.77581
67.78622
67.79663
67.80704
67.81745
67.82786
67.83827
67.84869
67.85909
67.86951
67.87991
67.89033
67.90073
67.91115
67.92156
67.93197
67.94238
67.95279
67.9632
67.97361
67.98402
67.99444
68.00484
68.01526
68.02567
68.03608
68.04649
68.0569
68.06731
68.07772
68.08813
68.09854
68.10896
68.11937
68.12978
68.14019
68.1506
68.16101
68.17142
68.18183
68.19225
68.20265
68.21307
68.22347
68.23389
68.24429
68.25471
68.26512
68.27553
68.28594
68.29635
68.30676
68.31717
68.32758
68.338
68.3484
68.35882
68.36922
68.37964
68.39005
68.40046
68.41087
68.42128
68.43169
68.4421
68.45251
68.46292
68.47334
68.48375
68.49416
68.50457
68.51498
68.52539
68.5358
68.54621
68.55663
68.56703
68.57745
68.58785
68.59827
68.60868
68.61909
68.6295
68.63991
68.65032
68.66073
68.67114
68.68156
68.69196
68.70238
68.71278
68.7232
68.7336
68.74402
68.75443
68.76484
68.77525
68.78566
68.79607
68.80648
68.81689
68.82731
68.83772
68.84813
68.85854
68.86895
68.87936
68.88977
68.90018
68.91059
68.92101
68.93141
68.94183
68.95224
68.96265
68.97306
68.98347
68.99388
69.00429
69.0147
69.02512
69.03552
69.04594
69.05634
69.06676
69.07716
69.08758
69.09799
69.1084
69.11881
69.12922
69.13963
69.15004
69.16045
69.17087
69.18127
69.19169
69.2021
69.21251
69.22292
69.23333
69.24374
69.25415
69.26456
69.27497
69.28539
69.2958
69.30621
69.31662
69.32703
69.33744
69.34785
69.35826
69.36868
69.37908
69.3895
69.3999
69.41032
69.42072
69.43114
69.44155
69.45196
69.46237
69.47278
69.48319
69.4936
69.50401
69.51443
69.52483
69.53525
69.54565
69.55607
69.56647
69.57689
69.5873
69.59771
69.60812
69.61853
69.62894
69.63935
69.64977
69.66018
69.67059
69.681
69.69141
69.70182
69.71223
69.72264
69.73306
69.74346
69.75388
69.76428
69.7747
69.78511
69.79552
69.80593
69.81634
69.82675
69.83716
69.84757
69.85799
69.86839
69.87881
69.88921
69.89963
69.91003
69.92045
69.93086
69.94127
69.95168
69.96209
69.9725
69.98291
69.99332
70.00374
70.01414
70.02456
70.03497
70.04538
70.05579
70.0662
70.07661
70.08702
70.09743
70.10784
70.11826
70.12867
70.13908
70.14949
70.1599
70.17031
70.18072
70.19113
70.20155
70.21195
70.22237
70.23277
70.24319
70.25359
70.26401
70.27442
70.28483
70.29524
70.30565
70.31606
70.32647
70.33688
70.3473
70.3577
70.36812
70.37852
70.38894
70.39935
70.40976
70.42017
70.43058
70.44099
70.4514
70.46181
70.47223
70.48264
70.49305
70.50346
70.51387
70.52428
70.53469
70.5451
70.55551
70.56593
70.57633
70.58675
70.59715
70.60757
70.61798
70.62839
70.6388
70.64921
70.65962
70.67003
70.68044
70.69086
70.70126
70.71168
70.72208
70.7325
70.7429
70.75332
70.76373
70.77414
70.78455
70.79496
70.80537
70.81578
70.82619
70.83661
70.84702
70.85743
70.86784
70.87825
70.88866
70.89907
70.90948
70.91989
70.93031
70.94071
70.95113
70.96154
70.97195
70.98236
70.99277
71.00318
71.01359
71.024
71.03442
71.04482
71.05524
71.06564
71.07606
71.08646
71.09688
71.10729
71.1177
71.12811
71.13852
71.14893
71.15934
71.16975
71.18017
71.19057
71.20099
71.2114
71.22181
71.23222
71.24263
71.25304
71.26345
71.27386
71.28427
71.29469
71.3051
71.31551
71.32592
71.33633
71.34674
71.35715
71.36756
71.37798
71.38838
71.3988
71.4092
71.41962
71.43002
71.44044
71.45085
71.46126
71.47167
71.48208
71.49249
71.5029
71.51331
71.52373
71.53413
71.54455
71.55495
71.56537
71.57578
71.58619
71.5966
71.60701
71.61742
71.62783
71.63824
71.64866
71.65907
71.66948
71.67989
71.6903
71.70071
71.71112
71.72153
71.73194
71.74236
71.75276
71.76318
71.77358
71.784
71.79441
71.80482
71.81523
71.82564
71.83605
71.84646
71.85687
71.86729
71.87769
71.88811
71.89851
71.90893
71.91933
71.92975
71.94016
71.95057
71.96098
71.97139
71.9818
71.99221
72.00262
72.01304
72.02345
72.03386
72.04427
72.05468
72.06509
72.0755
72.08591
72.09632
72.10674
72.11714
72.12756
72.13797
72.14838
72.15879
72.1692
72.17961
72.19002
72.20043
72.21085
72.22125
72.23167
72.24207
72.25249
72.26289
72.27331
72.28372
72.29413
72.30454
72.31495
72.32536
72.33577
72.34618
72.3566
72.367
72.37742
72.38783
72.39824
72.40865
72.41906
72.42947
72.43988
72.45029
72.4607
72.47112
72.48153
72.49194
72.50235
72.51276
72.52317
72.53358
72.54399
72.55441
72.56481
72.57523
72.58563
72.59605
72.60645
72.61687
72.62728
72.63769
72.6481
72.65851
72.66892
72.67933
72.68974
72.70016
72.71056
72.72098
72.73138
72.7418
72.7522
72.76262
72.77303
72.78344
72.79385
72.80426
72.81467
72.82508
72.83549
72.84591
72.85632
72.86673
72.87714
72.88755
72.89796
72.90837
72.91879
72.92919
72.93961
72.95001
72.96043
72.97084
72.98125
72.99166
73.00207
73.01248
73.02289
73.0333
73.04372
73.05412
73.06454
73.07494
73.08536
73.09576
73.10618
73.11659
73.127
73.13741
73.14782
73.15823
73.16864
73.17905
73.18947
73.19987
73.21029
73.2207
73.23111
73.24152
73.25193
73.26234
73.27275
73.28316
73.29357
73.30399
73.3144
73.32481
73.33522
73.34563
73.35604
73.36645
73.37686
73.38728
73.39768
73.4081
73.4185
73.42892
73.43932
73.44974
73.46015
73.47056
73.48097
73.49138
73.50179
73.5122
73.52261
73.53303
73.54343
73.55385
73.56425
73.57467
73.58508
73.59549
73.6059
73.61631
73.62672
73.63713
73.64754
73.65796
73.66837
73.67878
73.68919
73.6996
73.71001
73.72042
73.73083
73.74124
73.75166
73.76206
73.77248
73.78288
73.7933
73.80371
73.81412
73.82453
73.83494
73.84535
73.85576
73.86617
73.87659
73.88699
73.89741
73.90781
73.91823
73.92863
73.93905
73.94946
73.95987
73.97028
73.98069
73.9911
74.00151
74.01192
74.02234
74.03275
74.04316
74.05357
74.06398
74.07439
74.0848
74.09521
74.10562
74.11604
74.12644
74.13686
74.14727
74.15768
74.16809
74.1785
74.18891
74.19932
74.20973
74.22015
74.23055
74.24097
74.25137
74.26179
74.27219
74.28261
74.29302
74.30343
74.31384
74.32425
74.33466
74.34507
74.35548
74.3659
74.3763
74.38672
74.39713
74.40754
74.41795
74.42836
74.43877
74.44918
74.45959
74.47
74.48042
74.49083
74.50124
74.51165
74.52206
74.53247
74.54288
74.55329
74.56371
74.57411
74.58453
74.59493
74.60535
74.61575
74.62617
74.63658
74.64699
74.6574
74.66781
74.67822
74.68863
74.69904
74.70946
74.71986
74.73028
74.74068
74.7511
74.76151
74.77192
74.78233
74.79274
74.80315
74.81356
74.82397
74.83439
74.8448
74.85521
74.86562
74.87603
74.88644
74.89685
74.90726
74.91767
74.92809
74.93849
74.94891
74.95931
74.96973
74.98014
74.99055
75.00096
75.01137
75.02178
75.03219
75.0426
75.05302
75.06342
75.07384
75.08424
75.09466
75.10506
75.11548
75.12589
75.1363
75.14671
75.15712
75.16753
75.17794
75.18835
75.19877
75.20918
75.21959
75.23
75.24041
75.25082
75.26123
75.27164
75.28205
75.29247
75.30287
75.31329
75.3237
75.33411
75.34452
75.35493
75.36534
75.37575
75.38616
75.39658
75.40698
75.4174
75.4278
75.43822
75.44862
75.45904
75.46945
75.47986
75.49027
75.50068
75.51109
75.5215
75.53191
75.54233
75.55273
75.56315
75.57355
75.58397
75.59438
75.60479
75.6152
75.62561
75.63602
75.64643
75.65685
75.66726
75.67767
75.68808
75.69849
75.7089
75.71931
75.72972
75.74014
75.75054
75.76096
75.77136
75.78178
75.79218
75.8026
75.81301
75.82342
75.83383
75.84424
75.85465
75.86506
75.87547
75.88589
75.89629
75.90671
75.91711
75.92753
75.93793
75.94835
75.95876
75.96917
75.97958
75.98999
76.0004
76.01082
76.02122
76.03164
76.04205
76.05246
76.06287
76.07328
76.08369
76.0941
76.10452
76.11492
76.12534
76.13574
76.14616
76.15657
76.16698
76.17739
76.1878
76.19821
76.20862
76.21903
76.22945
76.23985
76.25027
76.26067
76.27109
76.28149
76.29191
76.30232
76.31273
76.32314
76.33355
76.34396
76.35437
76.36478
76.3752
76.3856
76.39602
76.40643
76.41684
76.42725
76.43766
76.44807
76.45848
76.46889
76.4793
76.48972
76.50013
76.51054
76.52095
76.53136
76.54177
76.55218
76.56259
76.57301
76.58341
76.59383
76.60423
76.61465
76.62505
76.63547
76.64588
76.65629
76.6667
76.67711
76.68752
76.69793
76.70834
76.71876
76.72916
76.73958
76.74998
76.7604
76.77081
76.78122
76.79163
76.80204
76.81245
76.82286
76.83327
76.84369
76.8541
76.86451
76.87492
76.88533
76.89574
76.90615
76.91656
76.92697
76.93739
76.94779
76.95821
76.96861
76.97903
76.98944
76.99985
77.01026
77.02067
77.03108
77.04149
77.0519
77.06232
77.07272
77.08314
77.09354
77.10396
77.11436
77.12478
77.13519
77.1456
77.15601
77.16642
77.17683
77.18724
77.19765
77.20807
77.21848
77.22889
77.2393
77.24971
77.26012
77.27053
77.28094
77.29135
77.30177
77.31217
77.32259
77.333
77.34341
77.35382
77.36423
77.37464
77.38505
77.39546
77.40588
77.41628
77.4267
77.4371
77.44752
77.45792
77.46834
77.47875
77.48916
77.49957
77.50998
77.52039
77.5308
77.54121
77.55163
77.56203
77.57245
77.58286
77.59327
77.60368
77.61409
77.6245
77.63491
77.64532
77.65573
77.66615
77.67656
77.68697
77.69738
77.70779
77.7182
77.72861
77.73902
77.74944
77.75984
77.77026
77.78066
77.79108
77.80148
77.8119
77.82231
77.83272
77.84313
77.85354
77.86395
77.87436
77.88477
77.89519
77.90559
77.91601
77.92641
77.93683
77.94724
77.95765
77.96806
77.97847
77.98888
77.99929
78.0097
78.02012
78.03053
78.04094
78.05135
78.06176
78.07217
78.08258
78.09299
78.1034
78.11382
78.12422
78.13464
78.14504
78.15546
78.16587
78.17628
78.18669
78.1971
78.20751
78.21792
78.22833
78.23875
78.24915
78.25957
78.26997
78.28039
78.29079
78.30121
78.31162
78.32203
78.33244
78.34285
78.35326
78.36367
78.37408
78.3845
78.39491
78.40532
78.41573
78.42614
78.43655
78.44696
78.45737
78.46778
78.4782
78.4886
78.49902
78.50943
78.51984
78.53025
78.54066
78.55107
78.56148
78.57189
78.58231
78.59271
78.60313
78.61353
78.62395
78.63435
78.64477
78.65518
78.66559
78.676
78.68641
78.69682
78.70723
78.71764
78.72806
78.73846
78.74888
78.75928
78.7697
78.78011
78.79052
78.80093
78.81134
78.82175
78.83216
78.84258
78.85299
78.8634
78.87381
78.88422
78.89463
78.90504
78.91545
78.92587
78.93627
78.94669
78.95709
78.96751
78.97791
78.98833
78.99874
79.00915
79.01956
79.02997
79.04038
79.05079
79.0612
79.07162
79.08202
79.09244
79.10284
79.11326
79.12366
79.13408
79.14449
79.1549
79.16531
79.17572
79.18613
79.19655
79.20695
79.21737
79.22778
79.23819
79.2486
79.25901
79.26942
79.27983
79.29025
79.30065
79.31107
79.32147
79.33189
79.3423
79.35271
79.36312
79.37353
79.38394
79.39435
79.40476
79.41518
79.42558
79.436
79.4464
79.45682
79.46722
79.47764
79.48805
79.49846
79.50887
79.51928
79.52969
79.5401
79.55051
79.56093
79.57133
79.58175
79.59216
79.60257
79.61298
79.62339
79.6338
79.64421
79.65462
79.66503
79.67545
79.68586
79.69627
79.70668
79.71709
79.7275
79.73791
79.74832
79.75874
79.76914
79.77956
79.78996
79.80038
79.81078
79.8212
79.83161
79.84202
79.85243
79.86284
79.87325
79.88366
79.89407
79.90449
79.91489
79.92531
79.93571
79.94613
79.95654
79.96695
79.97736
79.98777
79.99818
80.00859
80.019
80.02942
80.03983
80.05024
80.06065
80.07106
80.08147
80.09188
80.10229
80.1127
80.12312
80.13352
80.14394
80.15434
80.16476
80.17517
80.18558
80.19599
80.2064
80.21681
80.22722
80.23763
80.24805
80.25845
80.26887
80.27927
80.28969
80.30009
80.31051
80.32092
80.33133
80.34174
80.35215
80.36256
80.37298
80.38338
80.3938
80.40421
80.41462
80.42503
80.43544
80.44585
80.45626
80.46667
80.47708
80.4875
80.4979
80.50832
80.51873
80.52914
80.53955
80.54996
80.56037
80.57078
80.58119
80.59161
80.60201
80.61243
80.62283
80.63325
80.64365
80.65407
80.66448
80.67489
80.6853
80.69571
80.70612
80.71653
80.72694
80.73736
80.74776
80.75818
80.76859
80.779
80.78941
80.79982
80.81023
80.82064
80.83105
80.84146
80.85188
80.86229
80.8727
80.88311
80.89352
80.90393
80.91434
80.92475
80.93517
80.94557
80.95599
80.96639
80.97681
80.98721
80.99763
81.00804
81.01845
81.02886
81.03927
81.04968
81.06009
81.0705
81.08092
81.09132
81.10174
81.11214
81.12256
81.13297
81.14338
81.15379
81.1642
81.17461
81.18502
81.19543
81.20585
81.21626
81.22667
81.23708
81.24749
81.2579
81.26831
81.27872
81.28913
81.29955
81.30995
81.32037
81.33077
81.34119
81.3516
81.36201
81.37242
81.38283
81.39324
81.40365
81.41406
81.42448
81.43488
81.4453
81.4557
81.46612
81.47652
81.48694
81.49735
81.50776
81.51817
81.52858
81.53899
81.54941
81.55981
81.57023
81.58064
81.59105
81.60146
81.61187
81.62228
81.63269
81.6431
81.65351
81.66393
81.67433
81.68475
81.69516
81.70557
81.71598
81.72639
81.7368
81.74721
81.75762
81.76804
81.77844
81.78886
81.79926
81.80968
81.82008
81.8305
81.84091
81.85132
81.86173
81.87214
81.88255
81.89296
81.90337
81.91379
81.92419
81.93461
81.94501
81.95543
81.96584
81.97625
81.98666
81.99707
82.00748
82.01789
82.02831
82.03872
82.04913
82.05954
82.06995
82.08036
82.09077
82.10118
82.1116
82.122
82.13242
82.14282
82.15324
82.16364
82.17406
82.18447
82.19488
82.20529
82.2157
82.22611
82.23652
82.24693
82.25735
82.26775
82.27817
82.28857
82.29899
82.30939
82.31981
82.33022
82.34063
82.35104
82.36145
82.37186
82.38228
82.39268
82.4031
82.41351
82.42392
82.43433
82.44474
82.45515
82.46556
82.47598
82.48638
82.4968
82.5072
82.51762
82.52803
82.53844
82.54885
82.55926
82.56967
82.58008
82.59049
82.60091
82.61131
82.62173
82.63213
82.64255
82.65295
82.66337
82.67378
82.68419
82.6946
82.70501
82.71542
82.72583
82.73624
82.74666
82.75706
82.76748
82.77789
82.7883
82.79871
82.80912
82.81953
82.82994
82.84035
82.85076
82.86118
82.87159
82.882
82.89241
82.90282
82.91323
82.92364
82.93405
82.94447
82.95487
82.96529
82.97569
82.98611
82.99651
83.00693
83.01734
83.02775
83.03816
83.04857
83.05898
83.06939
83.0798
83.09022
83.10062
83.11104
83.12144
83.13186
83.14227
83.15268
83.16309
83.1735
83.18391
83.19432
83.20473
83.21515
83.22556
83.23597
83.24638
83.25679
83.2672
83.27761
83.28802
83.29843
83.30885
83.31925
83.32967
83.34007
83.35049
83.3609
83.37131
83.38172
83.39213
83.40254
83.41295
83.42336
83.43378
83.44418
83.4546
83.465
83.47542
83.48582
83.49624
83.50665
83.51706
83.52747
83.53788
83.54829
83.55871
83.56911
83.57953
83.58994
83.60035
83.61076
83.62117
83.63158
83.64199
83.6524
83.66281
83.67323
83.68363
83.69405
83.70446
83.71487
83.72528
83.73569
83.7461
83.75651
83.76692
83.77734
83.78774
83.79816
83.80856
83.81898
83.82938
83.8398
83.85021
83.86062
83.87103
83.88144
83.89185
83.90226
83.91267
83.92309
83.93349
83.94391
83.95432
83.96473
83.97514
83.98555
83.99596
84.00637
84.01678
84.02719
84.03761
84.04802
84.05843
84.06884
84.07925
84.08966
84.10007
84.11048
84.1209
84.1313
84.14172
84.15212
84.16254
84.17294
84.18336
84.19377
84.20418
84.21459
84.225
84.23541
84.24582
84.25623
84.26665
84.27705
84.28747
84.29787
84.30829
84.3187
84.32911
84.33952
84.34993
84.36034
84.37075
84.38116
84.39158
84.40199
84.4124
84.42281
84.43322
84.44363
84.45404
84.46445
84.47486
84.48528
84.49568
84.5061
84.5165
84.52692
84.53733
84.54774
84.55815
84.56856
84.57897
84.58938
84.59979
84.61021
84.62061
84.63103
84.64143
84.65185
84.66225
84.67267
84.68308
84.69349
84.7039
84.71431
84.72472
84.73514
84.74554
84.75596
84.76637
84.77678
84.78719
84.7976
84.80801
84.81842
84.82883
84.83924
84.84966
84.86006
84.87048
84.88089
84.8913
84.90171
84.91212
84.92253
84.93294
84.94335
84.95377
84.96417
84.97459
84.98499
84.99541
85.00581
85.01623
85.02664
85.03705
85.04746
85.05787
85.06828
85.07869
85.0891
85.09952
85.10992
85.12034
85.13074
85.14116
85.15157
85.16198
85.17239
85.1828
85.19321
85.20362
85.21404
85.22445
85.23486
85.24527
85.25568
85.26609
85.2765
85.28691
85.29733
85.30773
85.31815
85.32855
85.33897
85.34937
85.35979
85.3702
85.38061
85.39102
85.40143
85.41184
85.42225
85.43266
85.44308
85.45348
85.4639
85.4743
85.48472
85.49512
85.50554
85.51595
85.52636
85.53677
85.54718
85.55759
85.56801
85.57841
85.58883
85.59924
85.60965
85.62006
85.63047
85.64088
85.65129
85.66171
85.67211
85.68253
85.69293
85.70335
85.71376
85.72417
85.73458
85.74499
85.7554
85.76581
85.77622
85.78664
85.79704
85.80746
85.81786
85.82828
85.83868
85.8491
85.85951
85.86992
85.88033
85.89074
85.90115
85.91157
85.92197
85.93239
85.94279
85.95321
85.96362
85.97403
85.98444
85.99485
86.00526
86.01567
86.02608
86.03649
86.04691
86.05732
86.06773
86.07814
86.08855
86.09896
86.10937
86.11978
86.1302
86.1406
86.15102
86.16142
86.17184
86.18224
86.19266
86.20307
86.21348
86.22389
86.2343
86.24471
86.25512
86.26553
86.27595
86.28635
86.29677
86.30717
86.31759
86.328
86.33841
86.34882
86.35923
86.36964
86.38005
86.39046
86.40088
86.41129
86.4217
86.43211
86.44252
86.45293
86.46334
86.47375
86.48416
86.49458
86.50498
86.5154
86.5258
86.53622
86.54663
86.55704
86.56745
86.57786
86.58827
86.59868
86.60909
86.61951
86.62991
86.64033
86.65073
86.66115
86.67155
86.68197
86.69238
86.70279
86.7132
86.72361
86.73402
86.74444
86.75484
86.76526
86.77567
86.78608
86.79649
86.8069
86.81731
86.82772
86.83813
86.84854
86.85896
86.86936
86.87978
86.89019
86.9006
86.91101
86.92142
86.93183
86.94224
86.95265
86.96307
86.97347
86.98389
86.99429
87.00471
87.01511
87.02553
87.03594
87.04635
87.05676
87.06717
87.07758
87.08799
87.0984
87.10882
87.11922
87.12964
87.14005
87.15046
87.16087
87.17128
87.18169
87.1921
87.20251
87.21292
87.22334
87.23375
87.24416
87.25457
87.26498
87.27539
87.2858
87.29621
87.30663
87.31703
87.32745
87.33785
87.34827
87.35867
87.36909
87.3795
87.38991
87.40032
87.41073
87.42114
87.43155
87.44196
87.45238
87.46278
87.4732
87.4836
87.49402
87.50443
87.51484
87.52525
87.53566
87.54607
87.55648
87.56689
87.57731
87.58772
87.59813
87.60854
87.61895
87.62936
87.63977
87.65018
87.66059
87.67101
87.68141
87.69183
87.70223
87.71265
87.72306
87.73347
87.74388
87.75429
87.7647
87.77511
87.78552
87.79594
87.80634
87.81676
87.82716
87.83758
87.84798
87.8584
87.86881
87.87922
87.88963
87.90004
87.91045
87.92087
87.93127
87.94169
87.9521
87.96251
87.97292
87.98333
87.99374
88.00415
88.01456
88.02497
88.03539
88.04579
88.05621
88.06662
88.07703
88.08744
88.09785
88.10826
88.11867
88.12908
88.1395
88.1499
88.16032
88.17072
88.18114
88.19154
88.20196
88.21237
88.22278
88.23319
88.2436
88.25401
88.26442
88.27483
88.28525
88.29565
88.30607
88.31647
88.32689
88.3373
88.34771
88.35812
88.36853
88.37894
88.38935
88.39977
88.41018
88.42059
88.431
88.44141
88.45182
88.46223
88.47264
88.48306
88.49346
88.50388
88.51428
88.5247
88.5351
88.54552
88.55593
88.56634
88.57675
88.58716
88.59757
88.60798
88.61839
88.62881
88.63921
88.64963
88.66003
88.67045
88.68086
88.69127
88.70168
88.71209
88.7225
88.73291
88.74332
88.75374
88.76414
88.77456
88.78497
88.79538
88.80579
88.8162
88.82661
88.83702
88.84743
88.85784
88.86826
88.87866
88.88908
88.89949
88.9099
88.92031
88.93072
88.94113
88.95154
88.96195
88.97237
88.98277
88.99319
89.00359
89.01401
89.02441
89.03483
89.04524
89.05565
89.06606
89.07647
89.08688
89.0973
89.1077
89.11812
89.12852
89.13894
89.14935
89.15976
89.17017
89.18058
89.19099
89.2014
89.21181
89.22222
89.23264
89.24305
89.25346
89.26387
89.27428
89.28469
89.2951
89.30551
89.31593
89.32633
89.33675
89.34715
89.35757
89.36797
89.37839
89.3888
89.39921
89.40962
89.42003
89.43044
89.44085
89.45126
89.46168
89.47208
89.4825
89.4929
89.50332
89.51373
89.52414
89.53455
89.54496
89.55537
89.56578
89.57619
89.58661
89.59702
89.60743
89.61784
89.62825
89.63866
89.64907
89.65948
89.66989
89.68031
89.69071
89.70113
89.71153
89.72195
89.73236
89.74277
89.75318
89.76359
89.774
89.78441
89.79482
89.80524
89.81564
89.82606
89.83646
89.84688
89.85728
89.8677
89.87811
89.88852
89.89893
89.90934
89.91975
89.93017
89.94057
89.95099
89.9614
89.97181
89.98222
89.99263
90.00304
90.01345
90.02386
90.03427
90.04469
90.05509
90.06551
90.07592
90.08633
90.09674
90.10715
90.11756
90.12797
90.13838
90.1488
90.1592
90.16962
90.18002
90.19044
90.20084
90.21126
90.22167
90.23208
90.24249
90.2529
90.26331
90.27373
90.28413
90.29455
90.30495
90.31537
90.32578
90.33619
90.3466
90.35701
90.36742
90.37783
90.38824
90.39865
90.40907
90.41948
90.42989
90.4403
90.45071
90.46112
90.47153
90.48194
90.49236
90.50276
90.51318
90.52358
90.534
90.5444
90.55482
90.56523
90.57564
90.58605
90.59646
90.60687
90.61728
90.62769
90.63811
90.64851
90.65893
90.66933
90.67975
90.69016
90.70057
90.71098
90.72139
90.7318
90.74221
90.75262
90.76304
90.77345
90.78386
90.79427
90.80468
90.81509
90.8255
90.83591
90.84632
90.85674
90.86714
90.87756
90.88796
90.89838
90.90879
90.9192
90.92961
90.94002
90.95043
90.96084
90.97125
90.98167
90.99207
91.00249
91.01289
91.02331
91.03371
91.04413
91.05454
91.06495
91.07536
91.08577
91.09618
91.1066
91.117
91.12742
91.13783
91.14824
91.15865
91.16906
91.17947
91.18988
91.20029
91.2107
91.22112
91.23152
91.24194
91.25235
91.26276
91.27317
91.28358
91.29399
91.3044
91.31481
91.32523
91.33563
91.34605
91.35645
91.36687
91.37727
91.38769
91.3981
91.40851
91.41892
91.42933
91.43974
91.45015
91.46056
91.47098
91.48138
91.4918
91.5022
91.51262
91.52303
91.53344
91.54385
91.55426
91.56467
91.57508
91.58549
91.59591
91.60632
91.61673
91.62714
91.63755
91.64796
91.65837
91.66879
91.67919
91.68961
91.70001
91.71043
91.72083
91.73125
91.74166
91.75207
91.76248
91.77289
91.7833
91.79371
91.80412
91.81454
91.82494
91.83536
91.84576
91.85618
91.86659
91.877
91.88741
91.89782
91.90823
91.91864
91.92905
91.93947
91.94987
91.9707
91.99152
92.01234
92.03316
92.05399
92.07481
92.09563
92.11645
92.13727
92.15809
92.17892
92.19974
92.22056
92.24138
92.2622
92.28302
92.30384
92.32467
92.34549
92.36631
92.38713
92.40795
92.42877
92.4496
92.47042
92.49124
92.51206
92.53288
92.5537
92.57452
92.59535
92.61617
92.63699
92.65781
92.67863
92.69946
92.72028
92.7411
92.76192
92.78275
92.80357
92.82439
92.84521
92.86604
92.88686
92.90768
92.9285
92.94932
92.97014
92.99096
93.01179
93.03261
93.05343
93.07425
93.09507
93.11589
93.13672
93.15754
93.17836
93.19918
93.22
93.24082
93.26164
93.28247
93.30329
93.32411
93.34493
93.36575
93.38657
93.40739
93.42822
93.44904
93.46986
93.49068
93.51151
93.53233
93.55315
93.57397
93.5948
93.61562
93.63644
93.65726
93.67808
93.69891
93.71973
93.74055
93.76137
93.78219
93.80301
93.82383
93.84466
93.86548
93.8863
93.90712
93.92794
93.94876
93.96959
93.99041
94.01123
94.03205
94.05287
94.07369
94.09451
94.11534
94.13616
94.15698
94.1778
94.19862
94.21944
94.24026
94.26109
94.28191
94.30273
94.32355
94.34438
94.3652
94.38602
94.40685
94.42767
94.44849
94.46931
94.49013
94.51095
94.53178
94.5526
94.57342
94.59424
94.61506
94.63588
94.6567
94.67753
94.69835
94.71917
94.73999
94.76081
94.78163
94.80246
94.82328
94.8441
94.86492
94.88574
94.90656
94.92738
94.94821
94.96903
94.98985
95.01067
95.03149
95.05231
95.07314
95.09396
95.11478
95.1356
95.15643
95.17725
95.19807
95.21889
95.23972
95.26054
95.28136
95.30218
95.323
95.34382
95.36465
95.38547
95.40629
95.42711
95.44793
95.46875
95.48958
95.5104
95.53122
95.55204
95.57286
95.59368
95.6145
95.63533
95.65615
95.67697
95.69779
95.71861
95.73943
95.76025
95.78108
95.8019
95.82272
95.84354
95.86436
95.88519
95.90601
95.92683
95.94765
95.96848
95.9893
96.01012
96.03094
96.05177
96.07259
96.09341
96.11423
96.13505
96.15587
96.17669
96.19752
96.21834
96.23916
96.25998
96.2808
96.30162
96.32245
96.34327
96.36409
96.38491
96.40573
96.42655
96.44737
96.4682
96.48902
96.50984
96.53066
96.55148
96.5723
96.59312
96.61395
96.63477
96.65559
96.67641
96.69724
96.71806
96.73888
96.7597
96.78053
96.80135
96.82217
96.84299
96.86381
96.88464
96.90546
96.92628
96.9471
96.96792
96.98874
97.00956
97.03039
97.05121
97.07203
97.09285
97.11367
97.13449
97.15532
97.17614
97.19696
97.21778
97.2386
97.25942
97.28024
97.29066
97.30108
97.31149
97.32191
97.33233
97.34274
97.35316
97.36358
97.37399
97.38441
97.39483
97.40524
97.41566
97.42608
97.43649
97.44691
97.45733
97.46774
97.47816
97.48858
97.49899
97.50941
97.51983
97.53024
97.54066
97.55108
97.56149
97.57191
97.58233
97.59274
97.60316
97.61358
97.62399
97.63441
97.64483
97.65524
97.66566
97.67608
97.68649
97.69691
97.70733
97.71774
97.72816
97.73858
97.74899
97.75941
97.76983
97.78024
97.79066
97.80108
97.81149
97.82191
97.83233
97.84274
97.85316
97.86358
97.87399
97.88441
97.89483
97.90524
97.91566
97.92608
97.93649
97.94691
97.95733
97.96774
97.97816
97.98858
97.99899
98.00941
98.01983
98.03024
98.04066
98.05108
98.06149
98.07191
98.08233
98.09274
98.10316
98.11358
98.12399
98.13441
98.14483
98.15524
98.16566
98.17608
98.18649
98.19691
98.20733
98.21774
98.22816
98.23858
98.24899
98.25941
98.26983
98.28024
98.29066
98.30108
98.31149
98.32191
98.33233
98.34274
98.35316
98.36358
98.37399
98.38441
98.39483
98.40524
98.41566
98.42608
98.43649
98.44691
98.45733
98.46774
98.47816
98.48858
98.49899
98.50941
98.51983
98.53024
98.54066
98.55108
98.56149
98.57191
98.58233
98.59274
98.60316
98.61358
98.62399
98.63441
98.64483
98.65524
98.66566
98.67608
98.68649
98.69691
98.70733
98.71774
98.72816
98.73858
98.74899
98.75941
98.76983
98.78024
98.79066
98.80108
98.81149
98.82191
98.83233
98.84274
98.85316
98.86358
98.87399
98.88441
98.89483
98.90524
98.91566
98.92608
98.93649
98.94691
98.95733
98.96774
98.97816
98.98858
98.99899
99.00941
99.01983
99.03024
99.04066
99.05108
99.06149
99.07191
99.08233
99.09274
99.10316
99.11358
99.12399
99.13441
99.14483
99.15524
99.16566
99.17608
99.18649
99.19691
99.20733
99.21774
99.22816
99.23858
99.24899
99.25941
99.26983
99.28024
99.29066
99.30108
99.31149
99.32191
99.33233
99.34274
99.35316
99.36358
99.37399
99.38441
99.39483
99.40524
99.41566
99.42608
99.43649
99.44691
99.45733
99.46774
99.47816
99.48858
99.49899
99.50941
99.51983
99.53024
99.54066
99.55108
99.56149
99.57191
99.58233
99.59274
99.60316
99.61358
99.62399
99.63441
99.64483
99.65524
99.66566
99.67608
99.68649
99.69691
99.70733
99.71774
99.72816
99.73858
99.74899
99.75941
99.76983
99.78024
99.79066
99.80108
99.81149
99.82191
99.83233
99.84274
99.85316
99.86358
99.87399
99.88441
99.89483
99.90524
99.91566
99.92608
99.93649
99.94691
99.95733
99.96774
99.97816
99.98858
99.99899
100.0094
100.0198
100.0302
100.0407
100.0511
100.0615
100.0719
100.0823
100.0927
100.1032
100.1136
100.124
100.1344
100.1448
100.1552
100.1657
100.1761
100.1865
100.1969
100.2073
100.2177
100.2282
100.2386
100.249
100.2594
100.2698
100.2802
100.2907
100.3011
100.3115
100.3219
100.3323
100.3427
100.3532
100.3636
100.374
100.3844
100.3948
100.4052
100.4157
100.4261
100.4365
100.4469
100.4573
100.4677
100.4782
100.4886
100.499
100.5094
100.5198
100.5302
100.5407
100.5511
100.5615
100.5719
100.5823
100.5927
100.6032
100.6136
100.624
100.6344
100.6448
100.6552
100.6657
100.6761
100.6865
100.6969
100.7073
100.7177
100.7282
100.7386
100.749
100.7594
100.7698
100.7802
100.7907
100.8011
100.8115
100.8219
100.8323
100.8427
100.8532
100.8636
100.874
100.8844
100.8948
100.9052
100.9157
100.9261
100.9365
100.9469
100.9573
100.9677
100.9782
100.9886
100.999
101.0094
101.0198
101.0302
101.0407
101.0511
101.0615
101.0719
101.0823
101.0927
101.1032
101.1136
101.124
101.1344
101.1448
101.1552
101.1657
101.1761
101.1865
101.1969
101.2073
101.2177
101.2282
101.2386
101.249
101.2594
101.2698
101.2802
101.2907
101.3011
101.3115
101.3219
101.3323
101.3427
101.3532
101.3636
101.374
101.3844
101.3948
101.4052
101.4157
101.4261
101.4365
101.4469
101.4573
101.4677
101.4782
101.4886
101.499
101.5094
101.5198
101.5302
101.5407
101.5511
101.5615
101.5719
101.5823
101.5927
101.6032
101.6136
101.624
101.6344
101.6448
101.6552
101.6657
101.6761
101.6865
101.6969
101.7073
101.7177
101.7282
101.7386
101.749
101.7594
101.7698
101.7802
101.7907
101.8011
101.8115
101.8219
101.8323
101.8427
101.8532
101.8636
101.874
101.8844
101.8948
101.9052
101.9157
101.9261
101.9365
101.9469
101.9573
101.9677
101.9782
101.9886
101.999
102.0094
102.0198
102.0302
102.0407
102.0511
102.0615
102.0719
102.0823
102.0927
102.1032
102.1136
102.124
102.1344
102.1448
102.1552
102.1657
102.1761
102.1865
102.1969
102.2073
102.2177
102.2282
102.2386
102.249
102.2594
102.2698
102.2802
102.2907
102.3011
102.3115
102.3219
102.3323
102.3427
102.3532
102.3636
102.374
102.3844
102.3948
102.4052
102.4157
102.4261
102.4365
102.4469
102.4573
102.4677
102.4782
102.4886
102.499
102.5094
102.5198
102.5302
102.5407
102.5511
102.5615
102.5719
102.5823
102.5927
102.6032
102.6136
102.624
102.6344
102.6448
102.6552
102.6657
102.6761
102.6865
102.6969
102.7073
102.7177
102.7282
102.7386
102.749
102.7594
102.7698
102.7802
102.7907
102.8011
102.8115
102.8219
102.8323
102.8427
102.8532
102.8636
102.874
102.8844
102.8948
102.9052
102.9157
102.9261
102.9365
102.9469
102.9573
102.9677
102.9782
102.9886
102.999
103.0094
103.0198
103.0302
103.0407
103.0511
103.0615
103.0719
103.0823
103.0927
103.1032
103.1136
103.124
103.1344
103.1448
103.1552
103.1657
103.1761
103.1865
103.1969
103.2073
103.2177
103.2282
103.2386
103.249
103.2594
103.2698
103.2802
103.2907
103.3011
103.3115
103.3219
103.3323
103.3427
103.3532
103.3636
103.374
103.3844
103.3948
103.4052
103.4157
103.4261
103.4365
103.4469
103.4573
103.4677
103.4782
103.4886
103.499
103.5094
103.5198
103.5302
103.5407
103.5511
103.5615
103.5719
103.5823
103.5927
103.6032
103.6136
103.624
103.6344
103.6448
103.6552
103.6657
103.6761
103.6865
103.6969
103.7073
103.7177
103.7282
103.7386
103.749
103.7594
103.7698
103.7802
103.7907
103.8011
103.8115
103.8219
103.8323
103.8427
103.8532
103.8636
103.874
103.8844
103.8948
103.9052
103.9157
103.9261
103.9365
103.9469
103.9573
103.9677
103.9782
103.9886
103.999
104.0094
104.0198
104.0302
104.0407
104.0511
104.0615
104.0719
104.0823
104.0927
104.1032
104.1136
104.124
104.1344
104.1448
104.1552
104.1657
104.1761
104.1865
104.1969
104.2073
104.2177
104.2282
104.2386
104.249
104.2594
104.2698
104.2802
104.2907
104.3011
104.3115
104.3219
104.3323
104.3427
104.3532
104.3636
104.374
104.3844
104.3948
104.4052
104.4157
104.4261
104.4365
104.4469
104.4573
104.4677
104.4782
104.4886
104.499
104.5094
104.5198
104.5302
104.5407
104.5511
104.5615
104.5719
104.5823
104.5927
104.6032
104.6136
104.624
104.6344
104.6448
104.6552
104.6657
104.6761
104.6865
104.6969
104.7073
104.7177
104.7282
104.7386
104.749
104.7594
104.7698
104.7802
104.7907
104.8011
104.8115
104.8219
104.8323
104.8427
104.8532
104.8636
104.874
104.8844
104.8948
104.9052
104.9157
104.9261
104.9365
104.9469
104.9573
104.9677
104.9782
104.9886
104.999
105.0094
105.0198
105.0302
105.0407
105.0511
105.0615
105.0719
105.0823
105.0927
105.1032
105.1136
105.124
105.1344
105.1448
105.1552
105.1657
105.1761
105.1865
105.1969
105.2073
105.2177
105.2282
105.2386
105.249
105.2594
105.2698
105.2802
105.2907
105.3011
105.3115
105.3219
105.3323
105.3427
105.3532
105.3636
105.374
105.3844
105.3948
105.4052
105.4157
105.4261
105.4365
105.4469
105.4573
105.4677
105.4782
105.4886
105.499
105.5094
105.5198
105.5302
105.5407
105.5511
105.5615
105.5719
105.5823
105.5927
105.6032
105.6136
105.624
105.6344
105.6448
105.6552
105.6657
105.6761
105.6865
105.6969
105.7073
105.7177
105.7282
105.7386
105.749
105.7594
105.7698
105.7802
105.7907
105.8011
105.8115
105.8219
105.8323
105.8427
105.8532
105.8636
105.874
105.8844
105.8948
105.9052
105.9157
105.9261
105.9365
105.9469
105.9573
105.9677
105.9782
105.9886
105.999
106.0094
106.0198
106.0302
106.0407
106.0511
106.0615
106.0719
106.0823
106.0927
106.1032
106.1136
106.124
106.1344
106.1448
106.1552
106.1657
106.1761
106.1865
106.1969
106.2073
106.2177
106.2282
106.2386
106.249
106.2594
106.2698
106.2802
106.2907
106.3011
106.3115
106.3219
106.3323
106.3427
106.3532
106.3636
106.374
106.3844
106.3948
106.4052
106.4157
106.4261
106.4365
106.4469
106.4573
106.4677
106.4782
106.4886
106.499
106.5094
106.5198
106.5302
106.5407
106.5511
106.5615
106.5719
106.5823
106.5927
106.6032
106.6136
106.624
106.6344
106.6448
106.6552
106.6657
106.6761
106.6865
106.6969
106.7073
106.7177
106.7282
106.7386
106.749
106.7594
106.7698
106.7802
106.7907
106.8011
106.8115
106.8219
106.8323
106.8427
106.8532
106.8636
106.874
106.8844
106.8948
106.9052
106.9157
106.9261
106.9365
106.9469
106.9573
106.9677
106.9782
106.9886
106.999
107.0094
107.0198
107.0302
107.0407
107.0511
107.0615
107.0719
107.0823
107.0927
107.1032
107.1136
107.124
107.1344
107.1448
107.1552
107.1657
107.1761
107.1865
107.1969
107.2073
107.2177
107.2282
107.2386
107.249
107.2594
107.2698
107.2802
107.2907
107.3011
107.3115
107.3219
107.3323
107.3427
107.3532
107.3636
107.374
107.3844
107.3948
107.4052
107.4157
107.4261
107.4365
107.4469
107.4573
107.4677
107.4782
107.4886
107.499
107.5094
107.5198
107.5302
107.5407
107.5511
107.5615
107.5719
107.5823
107.5927
107.6032
107.6136
107.624
107.6344
107.6448
107.6552
107.6657
107.6761
107.6865
107.6969
107.7073
107.7177
107.7282
107.7386
107.749
107.7594
107.7698
107.7802
107.7907
107.8011
107.8115
107.8219
107.8323
107.8427
107.8532
107.8636
107.874
107.8844
107.8948
107.9052
107.9157
107.9261
107.9365
107.9469
107.9573
107.9677
107.9782
107.9886
107.999
108.0094
108.0198
108.0302
108.0407
108.0511
108.0615
108.0719
108.0823
108.0927
108.1032
108.1136
108.124
108.1344
108.1448
108.1552
108.1657
108.1761
108.1865
108.1969
108.2073
108.2177
108.2282
108.2386
108.249
108.2594
108.2698
108.2802
108.2907
108.3011
108.3115
108.3219
108.3323
108.3427
108.3532
108.3636
108.374
108.3844
108.3948
108.4052
108.4157
108.4261
108.4365
108.4469
108.4573
108.4677
108.4782
108.4886
108.499
108.5094
108.5198
108.5302
108.5407
108.5511
108.5615
108.5719
108.5823
108.5927
108.6032
108.6136
108.624
108.6344
108.6448
108.6552
108.6657
108.6761
108.6865
108.6969
108.7073
108.7177
108.7282
108.7386
108.749
108.7594
108.7698
108.7802
108.7907
108.8011
108.8115
108.8219
108.8323
108.8427
108.8532
108.8636
108.874
108.8844
108.8948
108.9052
108.9157
108.9261
108.9365
108.9469
108.9573
108.9677
108.9782
108.9886
108.999
109.0094
109.0198
109.0302
109.0407
109.0511
109.0615
109.0719
109.0823
109.0927
109.1032
109.1136
109.124
109.1344
109.1448
109.1552
109.1657
109.1761
109.1865
109.1969
109.2073
109.2177
109.2282
109.2386
109.249
109.2594
109.2698
109.2802
109.2907
109.3011
109.3115
109.3219
109.3323
109.3427
109.3532
109.3636
109.374
109.3844
109.3948
109.4052
109.4157
109.4261
109.4365
109.4469
109.4573
109.4677
109.4782
109.4886
109.499
109.5094
109.5198
109.5302
109.5407
109.5511
109.5615
109.5719
109.5823
109.5927
109.6032
109.6136
109.624
109.6344
109.6448
109.6552
109.6657
109.6761
109.6865
109.6969
109.7073
109.7177
109.7282
109.7386
109.749
109.7594
109.7698
109.7802
109.7907
109.8011
109.8115
109.8219
109.8323
109.8427
109.8532
109.8636
109.874
109.8844
109.8948
109.9052
109.9157
109.9261
109.9365
109.9469
